3465,4709,visa-electron,4917972783339231,2083,4,696
7367,8627,mastercard,5002357379617435,2062,6,810
6682,8578,jcb,3562794434175420,2062,5,822
1045,9921,jcb,3547196511389629,2031,12,994
1930,1068,mastercard,5002355846779432,2019,1,697
139,7105,visa-electron,4844601006306382,2067,12,128
9007,6584,jcb,3567989624112192,2021,10,235
8820,6350,jcb,3532301526268209,2047,10,863
6932,5903,instapayment,6381442397673393,2075,3,710
3930,4077,jcb,3553768876717312,2035,10,389
928,4536,china-unionpay,5610363697765348,2066,3,508
5503,7596,diners-club-enroute,201715613467422,2070,3,796
2608,4898,instapayment,6386036537189875,2025,7,704
1500,1988,jcb,3553474661885402,2020,3,536
7455,2795,jcb,3574510190926582,2086,10,635
7744,8722,jcb,3556587756595573,2067,2,851
501,1940,bankcard,5602220958303823,2045,8,278
5375,5511,jcb,3543773432047173,2064,3,497
4527,8434,jcb,3552569865778955,2035,11,338
3840,7523,americanexpress,372301943757080,2031,4,622
4923,2883,maestro,50188194602034753,2058,9,628
8453,9569,jcb,3537398106006152,2038,4,760
3609,8448,jcb,3548031646336915,2050,5,438
793,6659,laser,670600011202232311,2023,1,143
3046,8386,bankcard,5602215432619695,2032,7,630
9839,1237,laser,670653123172833832,2059,8,148
1820,7765,diners-club-carte-blanche,30471631014898,2046,8,997
3816,8404,jcb,3545552577376938,2041,7,403
2363,865,jcb,3572473039040457,2041,9,160
3339,9948,china-unionpay,560222716725011312,2031,3,810
1392,8028,jcb,3534108914473525,2066,4,557
3019,7165,maestro,67626860781146121,2021,11,704
8586,8065,jcb,3570514213552205,2069,9,483
6987,1185,jcb,3583372672643303,2089,10,123
9430,2660,laser,630406744674737298,2070,5,850
4088,5606,jcb,3557211073837472,2060,2,664
4501,3443,jcb,3578853714849567,2051,2,584
2661,5273,americanexpress,374622878221554,2043,9,170
4855,2573,jcb,3551773096538839,2098,3,356
4797,4272,maestro,5038309944641364,2054,9,348
7584,1656,jcb,3551112168992683,2072,7,717
924,8110,instapayment,6372469140080718,2023,6,464
7735,1502,maestro,58930062144229641,2058,9,768
9472,7450,jcb,3560223811929722,2049,1,264
6492,826,diners-club-enroute,201508068440303,2058,4,217
7269,3048,maestro,675926382971340320,2059,9,851
7814,4284,mastercard,5002355737158894,2077,6,940
6411,9651,laser,630449147380177412,2047,7,977
8842,5201,jcb,3585640137460705,2050,8,612
5069,811,laser,6304511288115336,2067,7,813
9612,2439,maestro,63049750387626352,2059,2,583
2325,9189,maestro,5893840163930808178,2050,3,996
6090,5513,jcb,3537837004628591,2091,4,186
844,41,diners-club-carte-blanche,30519534854503,2034,7,523
9183,3639,mastercard,5294116652886332,2067,11,633
9346,4813,mastercard,5010121142175299,2028,3,263
7025,9286,maestro,67629760419010284,2021,1,637
9599,9564,jcb,3589051046582520,2054,7,533
9471,4093,diners-club-international,36572517639353,2055,6,489
7758,4083,visa-electron,4913361413741335,2091,4,446
3516,9710,visa-electron,4508996101345286,2099,10,450
7642,7256,switch,6759755996003404861,2034,12,980
8200,3468,diners-club-carte-blanche,30457380390217,2080,10,147
2440,9811,china-unionpay,56022284909234268,2037,3,966
7140,295,diners-club-international,36898301320219,2068,5,690
606,7162,bankcard,5602253647510805,2040,4,867
1128,1156,visa-electron,4844847742793611,2032,3,326
5492,2174,diners-club-carte-blanche,30594614288732,2095,4,780
7931,1066,jcb,3565866244477175,2044,2,227
752,4995,jcb,3573285269158059,2023,2,199
6112,1126,americanexpress,372301229465135,2075,8,133
2963,4465,switch,6759234253932029,2057,6,384
3009,6213,jcb,3561762495715104,2024,11,787
81,2739,mastercard,5100138963490046,2080,9,885
602,1350,jcb,3541186489131984,2052,7,421
8123,8761,jcb,3568215758460499,2055,6,549
6649,2679,jcb,3551060214557978,2019,3,230
9385,6023,jcb,3571728319876685,2092,9,842
4742,2779,jcb,3538967268146276,2052,10,630
7696,8265,jcb,3531073441452512,2052,9,476
6681,894,jcb,3539260700794419,2091,10,196
3405,9255,diners-club-enroute,201981146256423,2083,7,331
6600,8974,jcb,3558589373611054,2058,8,273
1011,9869,diners-club-international,36184119466688,2086,1,784
3580,3753,instapayment,6398956747161024,2030,3,441
4230,3818,jcb,3566023512093339,2056,4,945
3771,2911,maestro,6759246082383133,2064,12,199
4043,2171,jcb,3566651379859838,2094,11,306
7960,560,switch,5641829250745511432,2034,7,456
1084,536,diners-club-enroute,201627426224025,2087,12,354
4233,2508,diners-club-enroute,201800492452990,2022,8,631
9505,5472,jcb,3582465818819349,2062,1,187
3013,4691,diners-club-us-ca,5533590874218741,2060,5,129
5801,3359,diners-club-carte-blanche,30495568622530,2073,2,796
205,5740,visa-electron,4844056500347855,2071,6,584
4040,8821,jcb,3554678511613561,2075,10,873
7695,8945,jcb,3541976890531123,2059,2,585
1393,6141,jcb,3564187269826092,2035,3,513
5485,2576,mastercard,5100171647498614,2080,12,163
6340,775,diners-club-carte-blanche,30594788018287,2037,2,968
4317,4218,jcb,3569560129201737,2093,4,780
4462,8615,mastercard,5002351166912455,2017,7,361
2888,9310,diners-club-us-ca,5554577319237638,2069,7,962
1732,9040,jcb,3583275602104330,2086,5,326
9886,5236,jcb,3569341413277810,2054,1,491
539,1923,diners-club-us-ca,5455803839039001,2047,7,571
4691,4098,maestro,67593898855656426,2067,3,487
6416,7333,china-unionpay,560224087524737582,2090,6,169
6501,9521,mastercard,5048374674425329,2028,7,192
7919,4759,jcb,3585938383360557,2079,9,783
6555,5263,jcb,3545444877020657,2058,8,137
8106,2906,china-unionpay,5602257041096154945,2022,7,712
6239,2465,switch,4903616315418528,2086,1,914
9314,6121,jcb,3542608511227828,2032,4,886
4940,4658,jcb,3567100014473323,2053,9,497
7769,1412,jcb,3540664526262468,2084,3,716
3699,2741,instapayment,6380429571346228,2039,9,816
7128,3163,maestro,5038529782042066,2099,12,291
701,8257,jcb,3539198611894185,2066,9,684
9062,7941,jcb,3589292682911884,2097,10,657
17,4610,jcb,3536005326820533,2083,3,646
2927,6828,jcb,3542695000786372,2043,2,243
9524,1221,jcb,3567797930868385,2043,2,604
4635,7549,bankcard,5602231517829067,2097,2,836
5290,3450,jcb,3538329542377542,2066,2,621
8383,4719,visa-electron,4844032182512181,2088,10,957
6738,9230,jcb,3578960224458241,2023,10,615
1692,5741,mastercard,5424182058710800,2099,1,469
4481,1863,diners-club-carte-blanche,30355165444078,2050,9,209
7253,1316,diners-club-us-ca,5462915588676097,2028,1,779
27,7639,mastercard,5048370189742158,2077,5,336
1903,474,jcb,3567340636726878,2032,7,853
3270,8390,visa-electron,4844959799519060,2099,1,447
2795,8737,instapayment,6372952026243773,2063,1,228
5293,6943,china-unionpay,56022444988855603,2044,5,727
988,5976,jcb,3535964857484369,2060,11,213
8377,6084,jcb,3579991459063835,2054,9,526
5773,9914,maestro,675974682735010767,2098,12,140
3296,8837,jcb,3567227429901091,2067,8,914
5134,3767,mastercard,5100138487774099,2096,10,589
8718,9001,diners-club-enroute,201631112410674,2084,7,696
7094,5091,instapayment,6374686234480961,2069,9,625
4594,6284,diners-club-enroute,201571728945699,2025,2,541
1310,8280,maestro,50182497678183123,2036,1,619
3413,8666,jcb,3563241325174079,2033,4,594
9526,2018,diners-club-international,36238788363814,2027,2,134
5346,2094,jcb,3576540809076360,2023,6,532
2837,213,mastercard,5208769042612993,2067,3,153
9243,3897,mastercard,5010129035458227,2093,4,149
1160,3310,maestro,676159484693940910,2068,1,376
5470,3577,visa-electron,4844858505992852,2053,5,625
7890,8994,jcb,3568374909359991,2045,2,543
327,1606,visa,4017950240481,2094,8,348
2485,6516,diners-club-enroute,201984342898550,2076,2,149
3244,6976,jcb,3565184965968699,2069,8,355
3247,6154,visa-electron,4508557351278161,2095,3,817
622,9448,instapayment,6378737987183371,2063,2,338
7804,4981,bankcard,5602242481568136,2033,1,201
4602,5076,maestro,502007945719259156,2047,6,641
3338,4853,visa,4041378395788519,2037,10,861
6062,7754,maestro,630474078467004740,2047,8,775
2883,7081,jcb,3532479305147842,2041,1,641
9084,8813,jcb,3552066115873975,2061,5,246
5673,3840,diners-club-enroute,201611856419115,2038,11,493
3639,7377,jcb,3569274316047610,2020,5,613
5704,1608,visa-electron,4405126234099469,2096,6,875
9030,1876,switch,633110883116140223,2028,11,726
74,8941,bankcard,5602210729222253,2080,4,695
1071,524,jcb,3570098443038227,2049,1,501
5125,6845,jcb,3544487223889425,2024,4,192
4383,7389,diners-club-carte-blanche,30083577672702,2027,7,832
3934,7319,jcb,3552641031244756,2063,11,354
6280,1722,china-unionpay,5602218053117148,2041,9,656
6383,3306,maestro,67634448889528430,2023,10,436
2022,6735,switch,4905473620836030162,2064,8,853
4813,3018,jcb,3589609897399656,2077,5,953
1899,3007,switch,493634488544361023,2051,4,203
9941,4693,switch,6759675182520485,2063,7,955
5880,4228,visa,4041370990299281,2057,8,119
5302,69,switch,675971434363077665,2068,10,673
3088,6994,maestro,5018609852635422773,2051,9,965
5205,4769,visa-electron,4175000270656490,2043,7,288
7903,5617,diners-club-carte-blanche,30399321105249,2066,10,661
8446,8487,jcb,3573738219261761,2053,1,822
9470,8286,visa-electron,4913899170429057,2017,1,992
6719,9896,visa-electron,4917725834101962,2065,9,418
6574,7612,solo,633474489293474771,2019,5,734
6469,2235,diners-club-international,36130547349483,2099,1,475
8245,9277,diners-club-carte-blanche,30269352738269,2064,11,915
8747,7889,diners-club-international,36405518799712,2024,12,281
2216,888,jcb,3559690055278201,2025,10,581
7971,3199,jcb,3542651566045927,2070,11,948
584,1846,china-unionpay,56022442870109089,2030,10,248
9060,1533,switch,6333478243463850238,2077,4,360
836,3163,diners-club-enroute,201449801737590,2075,7,917
4630,5560,maestro,58939708651654792,2046,4,665
2432,3699,solo,6334818092589610324,2069,7,495
555,5154,diners-club-carte-blanche,30573797469996,2069,4,579
4933,7793,jcb,3555746003111706,2030,6,551
7439,4435,switch,490545943515617013,2086,3,745
6844,9121,diners-club-carte-blanche,30203140909791,2099,12,938
8076,1264,jcb,3559948466811121,2072,9,822
8876,8802,china-unionpay,5610084151848574,2025,6,605
9341,3721,jcb,3529959322813927,2058,2,315
8791,353,americanexpress,372301668268909,2073,8,989
1629,3556,jcb,3579760278479484,2069,8,451
5785,2302,jcb,3530720505376877,2037,1,641
1119,3458,switch,4911626682757036,2081,3,876
1120,4733,jcb,3571232737409120,2066,1,829
7562,9205,solo,6334767888861281,2040,2,208
4872,2482,jcb,3542267020305979,2029,10,975
5573,4226,china-unionpay,5602222012146726372,2021,7,390
7582,4036,jcb,3562239478642729,2039,3,129
3856,4821,jcb,3581817250421243,2035,2,131
2737,2582,solo,676733786374857378,2022,11,818
5711,6941,jcb,3573978957419573,2045,10,260
5057,576,diners-club-enroute,201700257312571,2091,7,919
5954,6808,jcb,3538510843056808,2037,8,179
8712,4040,maestro,6304456335518530,2074,5,757
904,1362,jcb,3555862703981940,2077,2,542
4010,2547,instapayment,6390233850364482,2050,11,880
3860,7177,jcb,3577455557233312,2049,12,318
5685,7821,maestro,676198985783662019,2017,6,687
2277,4924,china-unionpay,5602253060081755,2054,6,481
3283,2817,visa-electron,4913661806003882,2084,7,954
9252,916,laser,677151079056392992,2020,1,338
8658,1661,jcb,3572462188461077,2089,9,825
8000,3600,jcb,3537469126927303,2040,11,948
1916,1806,diners-club-enroute,201477012416126,2055,3,682
6739,8495,jcb,3555861774294233,2027,11,731
3846,7044,jcb,3566349832975818,2076,9,331
249,9849,maestro,060457014149750591,2024,3,931
29,8849,jcb,3557880672495104,2077,12,786
5375,7595,americanexpress,348095979576072,2027,11,364
5824,3304,jcb,3562353700092445,2056,2,785
7046,3428,jcb,3535657047536151,2017,12,676
6125,815,jcb,3531978260705214,2084,4,448
6026,8108,jcb,3538683076905940,2058,11,113
799,8953,jcb,3588841576491048,2028,1,648
7679,7921,visa-electron,4844438460176492,2050,3,825
4687,9878,solo,6767450469522640,2094,7,998
3994,4122,jcb,3534359604005537,2031,4,458
2836,9486,jcb,3555257622128303,2100,1,141
2009,8631,diners-club-us-ca,5411298762531335,2042,3,281
9071,1054,visa,4274469455892800,2041,11,511
4317,552,jcb,3582823723994054,2024,7,402
4780,2159,switch,493622598761819265,2077,3,357
6742,4301,jcb,3548175331452006,2058,5,768
4752,6589,china-unionpay,5602254432224500849,2086,1,471
5364,5221,switch,633110910428307974,2026,8,705
8096,5250,jcb,3533177446377711,2058,8,660
9132,4356,instapayment,6392113793042338,2082,6,579
4827,8641,jcb,3531076728172638,2022,3,104
8897,1421,laser,67062331125781982,2093,6,645
1959,4710,jcb,3560888224107668,2024,10,965
4883,9292,china-unionpay,5602221607520569,2061,5,154
6742,3814,jcb,3537149314079774,2091,3,117
8341,9659,jcb,3567611980089307,2047,5,387
4011,8303,bankcard,5602245534305984,2045,10,382
2206,6260,diners-club-carte-blanche,30584055021387,2079,9,720
1591,9146,jcb,3538811267880974,2021,1,130
371,7368,visa,4138897071225,2035,4,699
8003,1796,americanexpress,337941035704476,2074,7,737
1735,8538,mastercard,5120635180985506,2089,2,608
7121,6984,jcb,3529005394455013,2069,4,132
8219,5807,americanexpress,372301814019115,2027,11,337
2396,7524,jcb,3547820035731103,2038,1,605
7636,3332,jcb,3570882536145944,2078,11,910
4160,7936,jcb,3543082233657630,2057,2,473
476,8307,jcb,3530323109522036,2053,4,618
1272,2812,mastercard,5412669619147526,2057,7,699
8731,1517,laser,63041297660543993,2076,5,828
1000,7103,china-unionpay,5602220522727697,2034,12,568
5962,7412,jcb,3582478165713171,2070,5,592
1649,4556,diners-club-carte-blanche,30433659034307,2042,8,495
7427,9666,mastercard,5010120837374274,2033,5,416
5366,495,jcb,3547552333944902,2061,6,317
3161,193,bankcard,5602257390983432,2071,3,502
3030,4318,jcb,3565144216962057,2046,7,710
7410,4792,diners-club-carte-blanche,30274880021147,2067,12,486
9786,2559,jcb,3563760543330098,2062,3,899
7645,3164,jcb,3576759147591142,2041,8,124
8687,420,solo,676761499911687606,2032,7,970
5590,582,jcb,3565128215436882,2020,9,456
9477,8652,jcb,3529932081968232,2076,1,940
531,5516,maestro,58930566745043862,2039,8,324
6810,1954,jcb,3532212650719281,2019,3,263
8874,8272,jcb,3556641952288119,2036,11,525
3546,7666,jcb,3553256040884655,2023,1,258
1166,7459,maestro,06040565261352950,2022,12,543
9954,9937,jcb,3587342330425555,2019,6,935
1968,556,diners-club-us-ca,5498956836064882,2019,12,717
6900,4699,jcb,3531902865719180,2040,11,539
2462,3952,jcb,3580239483592008,2025,11,681
5225,7976,solo,676701708282088977,2047,1,905
9951,6753,jcb,3548937401211087,2065,11,858
8647,5837,bankcard,5602245387307632,2045,8,742
2406,5673,maestro,5893285625002400201,2099,3,308
9142,2046,jcb,3580507193078199,2067,12,506
8752,7647,jcb,3588867680365349,2035,6,467
3022,2177,china-unionpay,5602257043982458521,2038,6,799
7228,7429,jcb,3548534700262414,2091,4,495
8450,9667,jcb,3563150516467764,2048,1,517
9527,1492,jcb,3538387510371905,2023,12,671
4831,4263,jcb,3554468443981322,2040,12,982
5105,9914,visa-electron,4913464846749394,2081,10,454
7219,4208,jcb,3532717801334624,2062,9,701
8130,4539,visa-electron,4844272471279551,2078,12,695
7226,3171,instapayment,6391485997942443,2100,11,498
7808,6012,jcb,3543700114890133,2091,11,922
164,4383,jcb,3582254651309794,2021,9,140
2936,7137,instapayment,6372495604818731,2086,12,106
9420,9003,jcb,3571285883990988,2066,10,629
2846,6200,jcb,3559071206201337,2020,11,680
6489,5192,maestro,5018466821415389,2070,1,449
9518,3944,switch,675985028766072051,2034,10,501
6619,549,switch,5641826134725866433,2095,9,813
6748,47,mastercard,5343286982613077,2053,6,505
6858,3001,bankcard,5602241993049858,2098,10,826
7577,4548,jcb,3549850563057181,2077,5,279
1680,2775,jcb,3556463383756543,2090,10,533
587,7529,diners-club-enroute,201624286920073,2066,8,210
5994,1777,jcb,3561013428059933,2070,5,547
2487,5240,laser,6709481574891803,2078,12,131
2949,8671,solo,6334121555827102,2052,7,592
3178,308,americanexpress,374288241348738,2059,12,180
4065,1373,jcb,3564952264406301,2059,5,555
9427,5732,laser,630464924420001897,2033,7,744
406,1027,jcb,3589265403573159,2069,1,101
231,1803,jcb,3581416997987036,2027,4,578
970,4063,jcb,3559805462796708,2042,1,817
9171,2530,jcb,3555011240322073,2086,7,847
128,7552,visa,4041370951803949,2031,9,440
8846,9395,jcb,3566059870392459,2072,9,402
2106,7933,diners-club-carte-blanche,30342195121306,2071,11,437
6813,9144,jcb,3528748388573108,2068,4,531
6673,614,visa,4041598319226,2093,3,931
8865,389,maestro,0604500044524581990,2020,3,168
8375,3674,mastercard,5255955167963848,2077,5,430
4223,4098,jcb,3550468569372557,2086,11,578
8998,7150,jcb,3559758550249538,2096,2,990
4643,6794,diners-club-carte-blanche,30045608918107,2083,8,586
8784,5992,solo,6767515050420783111,2054,9,805
2955,5688,maestro,50389804556900182,2095,8,735
2907,2211,switch,6759351073910108,2051,10,822
8991,7657,jcb,3589787504815494,2034,10,706
5073,3491,bankcard,5602258221994796,2030,7,171
1321,3059,diners-club-enroute,201551656715033,2068,3,887
3920,9222,jcb,3557723654761301,2044,6,349
6581,1092,china-unionpay,5602222246475628474,2066,3,460
6142,6949,diners-club-carte-blanche,30159404575555,2035,1,239
4706,3348,diners-club-enroute,201776575333085,2049,8,942
7151,5843,jcb,3574754374595850,2028,12,536
9889,6190,china-unionpay,56022501160295773,2100,4,485
4468,5199,jcb,3559361526476051,2050,1,411
5018,1150,china-unionpay,5602227988876458184,2062,10,823
7409,5365,switch,4936305767371358,2077,2,543
9986,8474,jcb,3545174093648888,2043,9,321
1774,8193,jcb,3585762979082619,2051,3,637
4988,3346,jcb,3561466636200725,2043,11,781
7504,6570,americanexpress,372301741676466,2070,10,714
8513,2528,mastercard,5461256322596908,2073,2,237
828,3992,jcb,3588042607256571,2055,5,889
4100,9175,jcb,3549730117275655,2076,2,933
769,960,bankcard,5602243087898091,2028,6,535
8934,8810,bankcard,5602228948903313,2092,1,345
1363,4262,jcb,3572898444869696,2018,11,308
3265,4090,jcb,3535652449008941,2085,3,976
4454,6427,jcb,3537420131238186,2082,12,909
1415,7697,jcb,3560329213864217,2026,5,887
5112,7761,laser,67068794283550883,2094,7,381
2105,1196,jcb,3545136423836111,2033,11,656
7521,2736,jcb,3537926183703620,2100,2,578
133,2507,jcb,3574582417979710,2094,6,574
1867,5169,jcb,3533065738847816,2052,7,427
1340,995,switch,4905628184176176,2046,7,365
9584,2475,jcb,3555311019164551,2038,3,712
8646,6245,jcb,3587991430941695,2098,11,752
4197,8671,china-unionpay,5602222716693693,2026,10,102
1021,6305,americanexpress,347691050655768,2081,4,132
6002,498,diners-club-carte-blanche,30527329887885,2071,4,529
3533,6972,bankcard,5602248451610923,2027,4,950
5833,5720,jcb,3567328363253737,2022,4,513
9489,1627,solo,633419583214548206,2072,10,103
1370,8694,jcb,3546928037092332,2082,3,773
4144,7843,mastercard,5108757458331233,2037,11,254
2362,7824,switch,6759529441944879256,2054,12,789
8261,2690,jcb,3559618943471209,2033,11,378
4264,6925,jcb,3549489698170336,2065,8,184
4214,2458,diners-club-enroute,201449047516675,2097,6,282
6120,7209,switch,6759476272288475,2040,12,200
8822,4849,jcb,3560123274851829,2037,5,251
1969,2503,switch,491101503621115965,2070,11,196
9514,9103,jcb,3552722948376699,2080,10,777
8090,607,diners-club-carte-blanche,30350619137311,2090,5,544
431,5572,americanexpress,372301656743533,2079,12,910
1136,80,jcb,3566337064961028,2095,2,634
7818,6339,visa-electron,4026147590208477,2036,2,285
787,3729,maestro,675952492022750596,2028,9,598
7592,1036,diners-club-enroute,201631436152168,2058,4,890
6303,2204,diners-club-enroute,201755009662202,2028,2,359
5804,2543,mastercard,5002355712990253,2089,4,816
8149,6492,laser,6771200842211617,2051,9,254
8754,7130,mastercard,5175075383344876,2051,7,598
4178,1452,jcb,3585055096313573,2089,4,629
9301,2371,jcb,3534971147509658,2085,7,458
8624,5815,maestro,6763117052439660299,2043,7,604
2633,1263,mastercard,5587260336478458,2082,3,116
7807,9391,maestro,63046401520189634,2067,11,601
9003,9878,jcb,3557357330026928,2067,4,198
5061,4063,visa,4017950060640231,2072,5,938
6885,4159,switch,5641824164369404,2070,7,443
830,731,switch,5641823694140590,2071,12,953
5837,4618,jcb,3543176688565213,2090,3,655
7178,9261,mastercard,5556656167582747,2067,6,514
6934,7387,maestro,6761423558001764,2072,7,981
4232,9935,visa,4456459609582,2086,12,177
6073,5579,americanexpress,374283625674569,2080,8,364
3522,3149,americanexpress,372066029892222,2084,10,864
2447,4244,instapayment,6372744565567351,2091,12,430
5443,6805,maestro,676226178612808872,2092,2,939
2168,7566,jcb,3589531269090327,2081,3,867
5917,4144,jcb,3554200639866730,2028,11,452
3939,8146,instapayment,6381802171423952,2022,2,573
4437,6748,china-unionpay,5602224538017812,2063,8,817
1986,4974,jcb,3565604714791670,2068,3,379
821,4074,jcb,3567112021187176,2070,9,433
2928,227,diners-club-carte-blanche,30384524621895,2060,12,313
8275,4139,jcb,3573699633147152,2049,9,910
3141,3251,maestro,50186401071805767,2044,3,124
5696,5435,jcb,3574225655808403,2093,7,758
737,9777,jcb,3543130093245648,2036,4,593
9406,8662,bankcard,5602226036092015,2061,2,810
3855,4777,americanexpress,343769448579157,2056,1,195
8919,1564,jcb,3563744906220310,2032,3,213
970,5010,jcb,3528823680184423,2097,9,357
9517,3376,laser,67717081666284875,2071,8,627
4141,621,visa-electron,4175007107192029,2053,7,236
513,9612,maestro,501821448270492973,2020,10,577
7487,7981,maestro,50387410538882563,2025,1,467
60,3053,diners-club-carte-blanche,30118752455281,2088,3,718
324,6569,jcb,3554944225442014,2052,3,148
5841,1539,americanexpress,374288763546842,2027,5,929
8914,9054,diners-club-us-ca,5586232547585596,2077,7,584
6128,2779,china-unionpay,56022287497981703,2089,9,989
5565,1029,bankcard,5602252315354041,2053,11,739
3068,3613,mastercard,5176241681014194,2058,5,689
122,3683,china-unionpay,560221862566955273,2044,10,259
1621,1724,jcb,3546075047737918,2052,1,808
6454,7693,diners-club-enroute,201935214643425,2100,5,485
7083,1864,jcb,3578283695577393,2023,5,204
5696,4007,jcb,3584939640347693,2071,8,934
9618,1450,mastercard,5007666785044942,2082,2,205
4021,1699,jcb,3533152907947476,2054,12,483
9991,1005,china-unionpay,561057599874654290,2056,12,981
3874,2206,jcb,3557244199187340,2045,5,848
7090,4943,jcb,3539871220823940,2021,5,250
8692,3750,jcb,3581535960242671,2069,11,806
9835,5995,maestro,060425167041774637,2027,3,166
9770,7917,jcb,3528834864432611,2020,9,944
5233,1277,china-unionpay,56022416342955386,2096,1,551
603,778,americanexpress,374283289030553,2091,6,588
6059,6197,jcb,3566003582816819,2095,6,837
8557,4520,maestro,6763672700153943,2089,12,185
7085,1019,switch,5641823852450633,2044,2,385
4484,2892,diners-club-carte-blanche,30385391187779,2063,2,969
8643,5125,jcb,3553940850360936,2061,4,276
1957,8137,jcb,3563045704291630,2040,9,107
4524,2052,bankcard,5602249778807952,2096,8,916
8666,1602,maestro,5038384518279982,2093,4,371
6971,7763,jcb,3557572241546687,2064,6,501
3851,2043,jcb,3534605675461490,2065,6,535
7681,2012,mastercard,5010125898094299,2082,2,145
5946,1387,visa-electron,4175000793282964,2033,3,101
3786,3625,diners-club-enroute,201694550827007,2091,11,925
2614,9487,americanexpress,337941093631629,2055,9,155
7713,8637,switch,6759185380695345,2060,4,804
8327,325,jcb,3558580885710724,2083,8,652
2743,7230,jcb,3548437474678692,2067,6,532
6389,3957,switch,6759748831023001,2059,2,647
4482,6305,jcb,3529442248043440,2078,8,539
9656,1198,jcb,3573218101970266,2092,8,907
3131,2285,switch,6331108947882856,2088,1,273
2584,6655,jcb,3542406464437563,2098,1,182
5773,6846,jcb,3558738138346536,2072,8,235
1384,3590,jcb,3544911648729213,2043,6,698
884,7218,americanexpress,374288535275761,2027,7,713
277,402,china-unionpay,5602218684784597,2049,8,414
4688,5359,visa-electron,4175009234430520,2097,8,553
5025,6152,visa,4041379801027625,2092,2,709
1431,5058,jcb,3548187829681145,2079,6,796
1906,1337,jcb,3565777807337963,2043,2,695
7064,8620,instapayment,6378077619667990,2046,6,192
639,9174,jcb,3528386853968907,2038,11,418
6713,1760,diners-club-carte-blanche,30417725843486,2032,11,142
5788,7089,jcb,3569712736539773,2026,7,293
3476,4527,maestro,67597626346807258,2062,2,765
5139,9721,maestro,589303379015019379,2040,11,758
7884,1713,switch,6331104898993319180,2079,5,716
4295,2484,jcb,3554886806486730,2077,7,856
9933,9630,visa-electron,4917595038128701,2073,9,342
2665,1279,diners-club-enroute,201775882451929,2068,8,291
1387,8143,bankcard,5602212404631865,2097,3,431
1181,1439,mastercard,5048370777451022,2055,3,209
1894,1538,jcb,3551752123661053,2022,8,906
9361,8672,diners-club-enroute,201710456684001,2072,11,811
4882,836,jcb,3572302307576647,2017,4,557
4430,3691,bankcard,5602226753887381,2044,12,367
1548,7911,china-unionpay,560224122812516628,2043,7,450
7202,5644,diners-club-enroute,201755553485026,2043,2,946
765,4204,jcb,3552903343763224,2037,7,438
931,7275,laser,67061282444823115,2037,11,612
3246,8549,instapayment,6399868831642240,2035,9,784
6465,8789,maestro,5038670941730389,2020,5,204
1383,8779,jcb,3562986965134590,2100,5,606
6568,5946,jcb,3580364919511198,2027,3,523
2455,9943,jcb,3566469517495435,2026,10,919
7785,6244,jcb,3566991597090547,2038,10,608
6345,5878,mastercard,5318002172729115,2028,6,821
1608,1185,jcb,3578808487900120,2082,11,232
5578,8684,mastercard,5347917048399329,2086,3,863
7073,4883,visa,4041377144134,2030,11,983
7514,2457,mastercard,5048371920110580,2073,1,952
4161,5326,americanexpress,374283588658880,2023,3,275
3897,2181,visa-electron,4844595177074276,2020,8,492
6944,7029,americanexpress,374622886537579,2066,8,638
9683,5620,jcb,3581566634920400,2093,1,572
584,4592,jcb,3561104254483261,2047,7,987
3333,9535,jcb,3563625272999795,2036,3,661
6694,7480,jcb,3575162678211100,2083,12,906
108,1252,americanexpress,372301231738537,2047,10,470
5520,7178,china-unionpay,56022199846055057,2093,11,453
3531,2247,diners-club-enroute,201855466361536,2084,8,957
7401,5553,maestro,5020654167214110479,2057,12,652
576,4421,visa,4041379142929513,2034,4,515
6520,6582,americanexpress,372301129039469,2094,4,373
8400,6920,jcb,3554534409175348,2033,4,776
6386,8988,bankcard,5602252859825836,2071,11,944
4231,1694,diners-club-international,36019890085747,2070,5,328
2686,3267,americanexpress,337941411548471,2096,5,510
2572,6798,visa-electron,4175007958088003,2085,2,253
2071,5662,diners-club-carte-blanche,30401656017591,2073,10,768
9629,8816,maestro,67632309574779880,2065,4,286
8060,1953,diners-club-international,36804528640678,2019,5,919
6590,5104,jcb,3560440936814643,2095,6,307
5859,2155,diners-club-enroute,201699618502815,2044,1,613
9165,4875,visa-electron,4844812647198571,2099,3,418
349,8833,jcb,3546963496262282,2094,9,712
4116,6184,jcb,3578024779977129,2059,7,389
1114,3720,jcb,3563842003612726,2064,9,495
8400,3565,bankcard,5602228135942447,2083,6,692
589,3247,diners-club-carte-blanche,30244990138057,2070,3,889
6878,4056,americanexpress,342297367163853,2088,4,354
35,4670,visa-electron,4026146220963873,2017,4,371
3366,5996,jcb,3549740170965092,2027,5,305
5980,3871,diners-club-enroute,201479311956398,2060,11,389
3627,246,jcb,3570361920819992,2053,7,933
8141,9665,jcb,3550690169916117,2035,9,487
9615,7989,jcb,3576956012303492,2026,8,675
7036,9821,jcb,3587593232265347,2054,5,285
4796,3746,jcb,3537387398997038,2080,1,636
9319,6605,mastercard,5546605829620760,2075,1,851
9341,9252,jcb,3570915138279545,2054,1,815
7570,9198,jcb,3563803595256595,2065,11,860
2753,5988,switch,4905095725270320454,2086,1,641
30,8119,jcb,3579314562141614,2090,12,521
7435,1950,jcb,3589438999985398,2039,8,944
91,3350,visa,4433697157666,2045,2,428
194,6020,diners-club-enroute,201658994240846,2031,7,767
7428,3656,mastercard,5108753336286434,2075,12,722
6447,2529,diners-club-enroute,201449443940859,2045,5,691
8223,8151,jcb,3544949287544246,2079,11,254
5879,5499,jcb,3537237645214531,2057,6,470
7579,7369,jcb,3557407021977242,2028,10,775
5319,2622,laser,6706912695501072,2043,6,294
7928,9986,jcb,3542633853776018,2076,12,909
8823,1885,americanexpress,374622692568735,2065,7,940
7834,9470,jcb,3580432169818520,2069,5,826
8443,6469,jcb,3585366139212965,2053,8,250
9244,5206,jcb,3566423790993939,2099,4,623
1973,4553,maestro,0604876679659311,2091,3,849
9490,9241,diners-club-carte-blanche,30003033594589,2029,3,782
3421,7008,jcb,3543523442213020,2026,12,394
5521,1821,jcb,3577864938317571,2057,7,574
1239,7440,jcb,3569643957958279,2081,1,226
8399,1665,maestro,6304775531363655041,2083,6,792
4413,7361,solo,6334536108939371903,2100,4,709
3389,2553,solo,6767620090858258006,2077,2,310
379,9043,bankcard,5610884863880777,2025,10,783
6601,4871,visa-electron,4913754411939200,2088,6,195
7555,1685,jcb,3535430502631507,2055,5,814
9116,1133,jcb,3550175122656802,2024,4,709
8703,3192,instapayment,6382348761451721,2049,10,296
5995,754,bankcard,5602215795417752,2030,6,836
5576,3060,jcb,3541305788556044,2041,2,105
5474,6982,jcb,3570727668768510,2068,9,778
525,4578,visa-electron,4508181378154287,2093,2,769
3035,9335,jcb,3546322139216579,2091,9,552
5693,835,bankcard,5602235776563390,2062,12,382
7429,5616,laser,6304659973051645,2065,4,470
2456,7904,mastercard,5258843476333357,2094,12,508
3573,5218,jcb,3574064707269326,2056,10,201
8823,3852,jcb,3533583615117905,2025,9,134
5019,9034,visa,4041595874048343,2068,8,781
19,2638,americanexpress,337941857876758,2027,4,381
3441,1980,instapayment,6378663941056398,2091,9,414
5848,7950,jcb,3577305436670749,2081,7,296
8582,8451,jcb,3585010150932321,2035,4,384
9668,2961,china-unionpay,5602257738399400194,2040,8,905
8728,7761,americanexpress,374288437461204,2092,7,310
9285,8261,bankcard,5610032087823971,2087,2,328
7096,202,jcb,3580340400788677,2050,5,147
1168,811,diners-club-us-ca,5521093067791339,2092,3,403
1181,6401,laser,670923011058611444,2025,4,282
2545,3467,americanexpress,370275335566931,2021,11,828
1985,6644,diners-club-enroute,201409001859339,2082,10,397
8017,5282,bankcard,5602215973279529,2043,10,385
6716,9744,mastercard,5010122124852780,2082,11,316
8136,8355,visa-electron,4026987842155137,2047,5,838
5981,9691,jcb,3528567161154096,2020,12,973
6245,7292,jcb,3551418638378373,2050,8,557
9394,8897,diners-club-carte-blanche,30441853278745,2100,6,481
5689,781,jcb,3562838840888876,2041,2,430
9749,3337,diners-club-enroute,201609054299156,2046,11,336
9110,3658,visa-electron,4913776038924232,2066,2,839
3392,8748,americanexpress,372902515771167,2100,6,485
5113,2536,bankcard,5602250833959788,2023,11,595
8083,1827,maestro,63047454901937302,2049,12,663
3777,4737,jcb,3546154605217827,2024,6,352
4029,3870,jcb,3587404050874386,2039,3,140
4096,5585,solo,633459670475648865,2059,1,722
4857,8013,visa,4041375395128662,2067,4,288
704,6761,maestro,0604325635591713,2021,9,882
2207,4964,jcb,3549617349525199,2086,8,620
7094,4874,instapayment,6382464015181384,2025,3,861
6342,5074,jcb,3531011168418589,2036,5,438
6030,1870,diners-club-enroute,201617715642102,2089,9,857
1795,2216,jcb,3537782702909937,2043,3,488
4063,9629,jcb,3573747591441644,2065,10,972
9849,5123,solo,6334357213242604747,2035,6,390
8183,5728,jcb,3589009680250994,2087,1,162
5792,5201,americanexpress,372301350509222,2099,10,799
776,6861,mastercard,5007663999517664,2035,10,659
1863,5371,jcb,3568880481670969,2023,4,597
1479,3491,jcb,3570338256645837,2073,8,765
8124,8873,diners-club-us-ca,5586105121664161,2039,5,769
2136,707,laser,630419382680651214,2042,2,191
5468,1500,americanexpress,372404162006310,2075,9,444
3353,9474,jcb,3552763031765521,2050,1,335
2144,6583,jcb,3544117782212764,2064,11,597
8652,1397,jcb,3564027967746863,2081,5,207
5425,747,jcb,3560579720095446,2082,6,585
9294,9831,jcb,3582433941029855,2085,11,208
1218,1493,jcb,3552758668778276,2050,8,503
3089,4581,laser,67718975037060345,2052,5,837
7172,7701,diners-club-enroute,201564905307338,2060,1,210
9906,8936,jcb,3544700391727015,2026,4,942
3554,6909,americanexpress,372301474214964,2074,1,503
7093,6268,china-unionpay,5602251317225225,2083,7,604
4552,954,maestro,6763103728394658941,2020,2,952
468,118,diners-club-enroute,201481510455842,2019,11,123
9400,7067,jcb,3586587116829872,2049,9,439
5057,4057,switch,5641822075300920125,2025,2,408
3574,4592,jcb,3537611867507519,2045,10,791
5614,1134,americanexpress,372301448539702,2082,2,347
9875,8716,maestro,503803843954095233,2087,2,620
2451,6822,maestro,060472266652335860,2071,11,177
7395,2095,diners-club-carte-blanche,30223434160786,2025,8,731
1056,7274,visa-electron,4913117699631073,2043,11,558
3114,1203,china-unionpay,5602214418022787661,2078,1,303
4841,5005,visa-electron,4175009903132605,2053,8,491
1055,9550,jcb,3559121206774195,2021,10,883
7571,2116,visa-electron,4917972318078981,2056,12,629
418,6867,instapayment,6373750063331678,2030,8,422
7841,3156,jcb,3530114197248455,2083,5,450
25,5743,americanexpress,374288897226378,2062,1,560
4090,2330,jcb,3549802322313314,2054,5,852
3739,9298,instapayment,6386692713441777,2017,5,871
526,7652,jcb,3547933306878709,2035,6,190
1203,5927,mastercard,5100143661057865,2070,5,715
5838,3632,switch,4905831601865518,2062,1,360
1498,9338,jcb,3537302999727056,2086,10,927
8487,3122,jcb,3580522672115420,2018,10,366
88,1185,jcb,3567888076391595,2063,4,180
9717,3426,jcb,3577378832200999,2038,4,505
7671,8898,americanexpress,337941895113735,2060,9,468
4314,8357,jcb,3544711043864254,2073,11,696
8780,3535,jcb,3579420840695675,2029,2,671
7366,434,jcb,3538704482447226,2055,7,599
9205,595,jcb,3577361728213631,2067,2,270
7703,7651,jcb,3552291242021070,2094,10,610
9614,1399,maestro,5020326459875377,2056,6,735
4066,4752,jcb,3588589091784229,2067,6,156
8342,4963,mastercard,5007663647480687,2083,10,664
9493,6486,switch,6759189677853849,2043,6,326
788,1050,jcb,3580080869220388,2065,2,207
5108,7854,jcb,3572917439842631,2017,8,383
7292,4478,jcb,3580226950109002,2093,5,112
3144,6698,visa,4304765538300644,2028,5,577
721,2768,americanexpress,344907959549339,2029,1,232
1389,796,jcb,3581141653938343,2063,9,208
4335,4969,instapayment,6394456160241357,2057,5,138
8391,1418,switch,4905129414308671820,2049,3,384
2527,6653,jcb,3535349464054690,2100,1,833
8082,5135,switch,675971910064796034,2060,9,666
1821,5313,diners-club-enroute,201694279983776,2034,10,288
8991,7884,jcb,3528608227306260,2080,8,457
6654,7589,diners-club-enroute,201853285421904,2044,10,549
9782,5542,mastercard,5007661734161384,2028,2,103
6094,905,maestro,6763064899856196113,2070,10,769
2146,4688,jcb,3564780505864628,2075,11,541
6364,2339,jcb,3580647298242603,2038,9,934
7192,5438,jcb,3546807112464717,2034,6,567
447,2806,visa-electron,4508253294517721,2042,4,313
8930,4340,jcb,3568895319896446,2084,3,597
6970,5511,americanexpress,374288011376190,2086,11,703
8718,8550,switch,633395937811526957,2087,10,776
3869,4688,bankcard,5602251773911128,2032,11,352
431,3163,jcb,3553363515892831,2083,2,994
9868,952,jcb,3547084944442894,2065,7,991
6557,6643,visa-electron,4913563969288559,2037,8,487
4997,4227,diners-club-carte-blanche,30500166276322,2027,2,402
389,3269,bankcard,5602228352509812,2099,4,497
2572,1793,switch,6333350696761379403,2038,12,809
7305,7838,jcb,3544281726654489,2096,8,718
5543,3077,diners-club-enroute,201492281610382,2054,10,331
671,3497,diners-club-enroute,201424976658236,2039,10,537
7318,6198,jcb,3581296366137748,2079,2,667
8318,3553,china-unionpay,5602217656365948,2037,12,889
936,9638,visa,4014075969759990,2093,11,245
1867,5783,jcb,3570760625902583,2043,12,823
2735,5279,jcb,3537825192532154,2093,8,200
6144,9128,jcb,3569995519514622,2050,3,999
6556,1639,jcb,3567914354466022,2074,7,193
7901,1083,jcb,3544360960298524,2088,2,695
1667,3285,mastercard,5002359273054053,2056,9,417
4417,5034,jcb,3576580513364157,2088,12,631
5838,6720,visa,4200179190105,2100,12,447
7232,3011,jcb,3542794984740925,2023,7,720
3079,9948,jcb,3580645198973319,2061,1,544
2968,9221,jcb,3585050245574944,2023,10,391
6871,9029,jcb,3543343032133540,2072,5,341
3371,8743,jcb,3531240342961970,2092,5,701
3209,587,maestro,060454863273335022,2045,9,787
8491,1569,visa-electron,4026395174683058,2025,12,243
1469,5206,visa-electron,4844428251916925,2100,10,917
3523,9627,americanexpress,372301827107691,2038,5,542
4596,341,bankcard,5602242264656132,2094,7,694
7661,3896,maestro,676368847648403472,2054,2,870
6707,3039,americanexpress,374288015129843,2045,11,622
5016,9973,maestro,06045280814853083,2025,9,966
5891,7580,visa,4197208668837606,2060,12,115
6770,7648,jcb,3543017102298280,2096,5,280
2618,9146,americanexpress,374288445437006,2089,7,718
8721,5148,switch,6331108093161212,2026,7,679
1709,874,jcb,3572228987197786,2023,11,905
8957,3207,jcb,3536872716064521,2069,3,795
1670,2102,maestro,6759077429430882930,2026,2,358
4306,6594,jcb,3547002199990771,2054,4,389
7705,389,mastercard,5100175186942072,2035,10,745
1846,1675,laser,6771585441527130081,2083,2,324
2587,9167,jcb,3564842621743902,2029,8,181
3744,2629,diners-club-carte-blanche,30550767400730,2075,1,630
4081,7117,jcb,3534507410529898,2057,8,589
3506,1403,jcb,3583437819341515,2054,1,709
93,4746,jcb,3577553203239277,2098,1,900
2125,7369,maestro,6762215774998505317,2033,7,669
8277,6569,jcb,3535228823928440,2038,7,474
2559,8998,maestro,6762890999572708647,2022,12,699
4817,4218,jcb,3544503724064928,2082,5,507
1719,8534,jcb,3544414747927754,2058,3,816
6030,4516,americanexpress,379804549371902,2038,9,956
3586,7921,mastercard,5007663489673167,2100,10,383
1638,6473,switch,6333757205858802480,2054,8,933
266,499,jcb,3535868357632031,2063,12,993
1951,4518,diners-club-enroute,201955622197293,2055,5,468
5875,1820,maestro,5893920622738354456,2037,3,446
4063,202,mastercard,5100133604959210,2038,4,375
6368,4042,diners-club-carte-blanche,30400796069975,2061,1,592
8964,6961,jcb,3578715287130578,2070,3,774
1551,1246,jcb,3565792668652525,2045,7,345
874,9866,visa-electron,4913549827264411,2091,12,776
7716,3492,jcb,3560261878737885,2025,5,163
4488,6060,diners-club-carte-blanche,30401986164725,2079,8,754
9219,3080,jcb,3576119470245503,2046,12,203
916,6991,jcb,3583468467765648,2052,10,811
9181,7230,americanexpress,374622459792882,2056,11,660
1896,226,visa-electron,4026431360440100,2023,6,645
4672,7901,americanexpress,337941088875694,2081,1,959
8880,8462,jcb,3564706490710955,2020,9,859
8423,6701,jcb,3559730899308150,2086,8,742
9412,8723,visa-electron,4508351999804939,2022,8,432
1325,6295,jcb,3555854193684696,2050,11,436
9225,8367,jcb,3537237258231244,2070,7,643
7181,9657,mastercard,5108751645420181,2051,8,209
5473,8287,diners-club-carte-blanche,30192794788991,2087,12,368
6551,6102,jcb,3554535716131510,2099,10,702
9562,303,switch,4905197951719450010,2063,8,256
9609,1423,switch,6759726685222523,2035,7,117
2705,7980,jcb,3554885391862958,2033,4,158
6352,4235,mastercard,5290548623832397,2041,1,375
9102,8958,jcb,3580060001813340,2090,7,192
9295,8307,visa,4017951760651,2088,7,587
1518,9978,maestro,589349761689053089,2081,5,345
8354,8594,diners-club-enroute,201735035189834,2080,11,358
832,5042,maestro,5020349426124893,2046,8,608
4154,32,mastercard,5100176111097032,2017,1,715
4517,3776,jcb,3555494534932593,2039,11,150
5358,9493,switch,4905472298434373,2046,1,556
5907,8446,bankcard,5610177097296237,2072,1,899
4760,4690,mastercard,5100149664674879,2058,11,805
9383,7618,jcb,3568991597753530,2022,1,499
3282,2776,maestro,5018606531747064,2059,2,431
8872,4213,jcb,3579681879068601,2044,6,933
2960,30,jcb,3532504008006191,2020,10,528
8220,5798,maestro,589379990221987925,2099,12,521
7091,6706,bankcard,5602251192511038,2018,12,951
8318,4020,jcb,3559159528481610,2029,11,837
8873,7691,maestro,5020164119234495763,2053,9,636
2364,1617,switch,633110191773707825,2036,4,476
6725,2130,americanexpress,379973029839363,2021,6,522
3369,4438,diners-club-carte-blanche,30116310807670,2077,8,995
7922,5231,bankcard,5602250956623476,2070,2,333
7009,9196,diners-club-us-ca,5449474428155324,2023,9,787
4073,3852,visa-electron,4913038908829458,2060,3,850
7037,5389,jcb,3538470387580988,2096,12,105
5177,1256,jcb,3572010124688996,2032,5,399
5740,1282,maestro,5893780352093384240,2031,5,262
8226,8572,jcb,3585436787981086,2096,1,189
1896,8930,mastercard,5447349524282382,2033,7,804
5875,7722,visa-electron,4508423922582880,2021,9,996
4591,388,switch,490545914199349868,2085,4,890
3400,152,laser,6771520684852025636,2075,8,148
2778,5934,jcb,3541185687668250,2031,12,445
3325,5583,jcb,3577473487957512,2038,2,701
9389,3044,maestro,58931321807231750,2050,6,770
2243,9100,jcb,3581454344250725,2031,10,749
2293,4452,jcb,3538472961777147,2086,1,345
7062,7998,diners-club-enroute,201702944917176,2059,4,986
1529,9082,jcb,3580088530929451,2056,4,629
4828,6681,maestro,6761433116580749309,2018,2,613
7467,2295,jcb,3540094489042709,2042,11,817
9772,2416,switch,4936544396749173189,2097,10,559
3440,6991,jcb,3575257326228801,2077,1,401
7505,875,americanexpress,374288232192327,2050,1,455
5032,4164,diners-club-enroute,201599594004069,2028,10,778
2715,5956,switch,493670563700637328,2068,10,238
9408,5288,laser,6709476194608952772,2034,6,485
6609,8207,jcb,3581261153712699,2080,9,363
3799,4455,jcb,3559389623244965,2083,1,914
8335,6343,bankcard,5610371394076265,2034,10,162
3310,7734,china-unionpay,5602249121336006,2069,5,334
156,5222,diners-club-international,36316225284833,2031,12,291
288,2448,jcb,3555605777884544,2036,8,919
6172,6175,instapayment,6370157931099367,2034,7,713
237,5312,jcb,3565590227841153,2024,4,877
5411,6035,maestro,6759647374128427,2055,5,498
3611,9792,instapayment,6370249932706833,2085,3,975
1980,1584,jcb,3588430146900116,2020,8,166
7894,2819,jcb,3584505641074501,2071,11,569
7831,7086,jcb,3584041563481375,2067,4,642
5158,5358,jcb,3558941584601293,2038,8,814
2670,6797,jcb,3530127607451675,2063,6,555
7422,687,americanexpress,344631810341773,2026,6,712
5981,7254,jcb,3560176645863576,2038,12,582
3655,2886,diners-club-carte-blanche,30582920851020,2042,8,672
4213,7507,jcb,3572001371845330,2030,4,348
9301,4092,china-unionpay,5602254847009086013,2038,3,762
935,5850,diners-club-carte-blanche,30378080745825,2032,10,712
8302,1782,jcb,3528103637049577,2027,12,756
2144,9866,jcb,3548403899098650,2056,5,494
4264,5965,jcb,3555838962878894,2100,5,715
8417,7504,jcb,3586761606415381,2099,6,123
7119,2109,jcb,3538175650860211,2091,12,652
9078,2281,diners-club-carte-blanche,30564900240978,2076,9,878
4945,4744,maestro,5020114785244835,2075,5,975
6670,7375,mastercard,5121826790744966,2079,9,280
4533,5465,mastercard,5007668217467808,2028,6,153
929,5199,visa-electron,4917495800279289,2017,10,698
2667,3810,americanexpress,374283795002583,2079,9,219
349,5982,jcb,3569333677498067,2100,5,475
6244,9329,americanexpress,372010098447625,2018,4,914
8941,8610,laser,67094113870616445,2041,5,538
2468,7787,jcb,3575310078458009,2071,1,406
5117,2696,jcb,3585926950107980,2038,3,701
7511,5282,jcb,3563931870978581,2043,2,694
5952,5507,mastercard,5306618429320475,2060,2,884
7051,2922,visa-electron,4026125758954629,2027,9,946
5979,7291,jcb,3528410487432591,2069,6,968
9388,2869,maestro,67592436698918280,2094,6,101
4068,6165,maestro,58933327816684747,2026,8,826
2574,4023,jcb,3573931754875141,2039,8,372
8659,7244,jcb,3532582018156503,2058,4,313
3215,8544,visa-electron,4917621297320761,2054,2,487
6539,9480,china-unionpay,5602216028758855,2039,10,201
5202,1918,instapayment,6392920977645441,2054,1,854
325,3240,jcb,3583389926112299,2033,5,183
8578,5696,jcb,3540166194629051,2055,6,111
642,2976,solo,6334166851085004,2091,2,667
5271,7333,maestro,5020996182690275,2099,10,909
6104,3740,solo,6767596755681084,2066,5,230
7537,4332,diners-club-carte-blanche,30095901999056,2037,10,284
3541,3725,jcb,3558275708979784,2020,10,107
895,8938,switch,4911890878710323870,2051,5,240
9091,6109,mastercard,5002357529121866,2094,2,576
8958,5906,diners-club-carte-blanche,30310308363511,2027,7,490
347,3945,laser,677169890990151272,2049,11,676
2489,2669,jcb,3588389348220311,2088,11,915
6810,8882,jcb,3554575347547502,2089,2,725
4435,9025,switch,6333026653678114583,2079,11,129
9953,7704,switch,5641825387657392882,2026,3,561
8208,1775,jcb,3539251017792725,2077,3,600
537,5295,jcb,3536589275993003,2022,6,330
9194,4662,china-unionpay,5602252987078901767,2056,4,845
9648,8573,china-unionpay,560225322706014735,2039,2,305
1031,7067,jcb,3588462213907120,2052,2,279
3503,2480,jcb,3538010962450031,2055,5,111
2293,4882,jcb,3563985010172158,2025,4,604
2036,1515,mastercard,5160472612252920,2097,11,319
5904,3754,bankcard,5602244201206849,2087,12,758
4433,6765,jcb,3538832327033974,2022,7,549
5522,2841,visa-electron,4844722800258361,2083,5,720
8849,8297,maestro,630441648123413012,2097,2,529
8886,7985,solo,6334025476920506078,2057,6,612
1228,4088,maestro,5893415153143416,2080,7,163
5435,8156,jcb,3574734442211961,2055,8,580
1078,6036,americanexpress,374622206584582,2088,5,631
3339,4283,solo,6767289211168752403,2026,2,837
4659,1622,china-unionpay,56104741819520970,2049,10,726
3044,3155,china-unionpay,560222133739674251,2032,5,392
8094,5943,diners-club-enroute,201541863209219,2100,11,180
3802,4483,jcb,3552376955530720,2054,12,331
4780,9814,china-unionpay,5602219497497933898,2096,5,192
1665,1633,jcb,3583433956698684,2082,7,383
8312,3778,jcb,3581950203430787,2069,3,203
3742,7941,jcb,3582803273205523,2090,4,393
9750,878,diners-club-enroute,201489007362322,2094,2,571
104,9656,switch,5641821940807772,2084,8,828
3241,122,americanexpress,337941182641927,2056,9,263
621,9074,jcb,3530928394094028,2085,4,561
1780,8496,visa-electron,4913278530498443,2063,10,960
9421,9778,diners-club-enroute,201700329039095,2043,5,833
3186,2076,jcb,3541460406125456,2021,7,472
4136,8401,china-unionpay,560225652121464804,2041,6,962
6269,1945,americanexpress,349749151716273,2040,4,472
8435,3309,diners-club-enroute,201606527704408,2080,7,277
6560,5151,mastercard,5473233936859937,2055,3,408
3702,8819,jcb,3548274831044403,2086,8,503
3660,3541,mastercard,5108756998755182,2040,8,499
148,5364,mastercard,5332061744352881,2059,7,534
5602,3990,diners-club-enroute,201988277732981,2091,11,798
8241,2606,visa-electron,4026430541011731,2034,12,891
4478,1989,jcb,3534517720164732,2099,6,347
3430,8987,china-unionpay,56104266304819489,2020,5,173
6533,7984,jcb,3549973985883693,2064,3,863
6297,5695,visa-electron,4917715972560574,2086,1,194
1948,3562,jcb,3576977098443465,2069,9,858
6408,9390,solo,633423615995839141,2093,12,680
1869,9248,bankcard,5602228741222630,2073,4,629
8935,9665,jcb,3546685069867078,2046,4,125
780,4309,diners-club-us-ca,5533787363722346,2037,8,480
6465,7949,americanexpress,373922747758385,2031,2,476
2326,6747,instapayment,6396893810053964,2065,12,101
1477,6310,jcb,3588422364998468,2096,6,343
3994,4888,jcb,3533972537190217,2040,3,235
8008,2550,switch,5641829290272544349,2042,10,176
4594,737,jcb,3578254440330172,2044,11,863
6721,4854,mastercard,5007662370179581,2100,5,311
4349,7676,diners-club-carte-blanche,30574938175831,2090,1,710
4410,6734,jcb,3545456236083333,2021,3,369
6415,6097,china-unionpay,5602225208915968826,2099,11,342
9820,9386,mastercard,5007661244055175,2086,12,385
6397,8433,visa,4041379596679,2040,9,633
2532,1010,jcb,3561432033000548,2081,9,261
9013,5355,china-unionpay,560225034356766205,2092,7,803
1352,4220,jcb,3567634371146387,2091,12,607
2771,5619,china-unionpay,5602240181500391,2030,2,933
9387,6712,maestro,6763673737503641540,2041,1,782
6611,130,visa-electron,4405398431259531,2100,9,633
1059,9770,jcb,3543690812784474,2043,7,630
7521,4077,jcb,3564980408794167,2017,7,101
1905,9700,jcb,3549996887459858,2090,10,905
7186,3899,china-unionpay,561076922382560972,2054,8,959
9226,5541,diners-club-carte-blanche,30046715371735,2077,1,924
7953,3218,jcb,3555757274067626,2093,5,198
7641,9628,bankcard,5602221411673489,2041,4,454
1990,9405,jcb,3539805818565307,2098,12,633
8055,4891,jcb,3533829704726217,2037,2,847
2919,9357,diners-club-enroute,201913109982828,2069,12,700
5269,8938,jcb,3531205803609640,2045,1,744
515,8147,jcb,3531036863244345,2050,2,896
1306,8753,mastercard,5010120859458252,2049,1,662
7285,1746,china-unionpay,5602217096475666595,2071,11,604
2521,4459,jcb,3529157807298546,2031,5,768
4283,8414,jcb,3583696552044970,2100,4,844
9769,1499,visa-electron,4175009107437016,2086,7,641
3942,3940,bankcard,5602219810161668,2038,12,150
2708,127,mastercard,5506847503207591,2046,6,470
4173,6490,jcb,3578806035673140,2095,6,958
9333,1189,jcb,3556028072304515,2060,10,632
