8788,20027169,20153068,56575.70,4995,4449,8253
4077,20021814,20117219,83323.43,2077,5605,5909
8279,20057311,20159866,53893.10,1273,1794,8616
8411,20200774,20070656,85854.87,5739,175,8461
4786,19992626,19995742,87262.95,5307,1306,4941
3787,20198142,20170239,33507.77,5580,7555,9186
2024,19994374,20179954,54930.19,1970,3338,6108
3868,20120688,19995455,88430.39,521,4911,8222
3973,19992770,20108376,88022.41,9779,3689,8497
4721,20108354,20161719,28530.64,977,922,4062
5489,19995108,20009955,53176.67,6435,3860,3949
9221,20200910,19996498,35302.31,3775,7999,4972
2954,20053985,20170880,17228.27,5757,1315,634
7524,20197922,20116695,97086.70,6097,1561,8833
8591,20004292,20118983,76372.95,3323,5003,1598
6126,20072270,20168548,69208.60,7249,5196,2303
3451,19994455,20012500,87778.96,7158,7931,3503
1659,20138856,20018052,94533.04,232,2072,7789
3119,20187817,19999937,17111.06,9829,2652,7883
7015,20156684,20079615,5037.86,2615,7898,3051
1096,19997768,20144896,34853.24,6578,5041,288
1258,20004714,20135545,47230.40,4364,2324,8633
7390,20116287,20003386,99329.00,6731,2575,3148
6543,20113841,20015901,9879.06,9512,2087,8541
4744,20127241,20067354,37719.39,2853,5971,5033
8509,20125962,20145003,46468.40,4363,9010,8350
4931,20174942,20082557,37787.54,1980,7027,5274
9167,20033497,20151018,12431.48,216,7177,1213
2284,20120780,20101836,2970.79,6965,7324,2123
2630,20174007,20150417,58815.93,1827,8549,1484
8945,20094564,20174572,18538.76,9896,5461,7436
4442,20073878,20011186,5424.95,5162,5037,656
6559,20101207,20123653,71926.93,4845,4307,6476
8629,20122156,20143607,6772.92,4609,6904,5318
3991,20140463,20033264,93624.07,5531,9355,9016
5522,20159471,20111350,17720.95,8939,6221,4230
1040,20165049,20188941,64302.27,1067,8301,7799
7896,20040063,20165517,96731.59,2536,1736,5440
6069,20133864,19996438,46007.59,7826,3625,5693
8862,20185716,20115067,32661.16,5961,524,2723
2526,20033215,20081339,94647.94,9587,8000,4505
3011,20162816,20085687,99160.07,2747,3312,8570
5534,20154975,20136733,46214.95,8216,7832,5301
7490,20039328,20059262,72612.71,4064,143,8738
2066,20109945,20035362,76189.66,9823,156,7847
9320,20012994,20112318,91300.48,4954,1025,5549
4078,20064293,20031539,68448.99,9934,9297,1446
9594,20153507,20160828,44767.96,8920,8169,7944
4355,20139637,20017404,47062.78,545,218,9851
2780,20130173,20164647,27406.97,1827,2322,2357
5504,20173046,20036794,68600.30,808,3737,5319
8350,19992642,20097842,22431.48,2020,7839,7828
3672,20172342,20169108,75903.37,5712,8727,1817
3644,20023890,20173578,29832.42,1297,173,5597
3423,20165450,20118221,77454.43,1770,2416,2307
3561,19991400,20119518,96262.37,4188,5936,1240
787,20177184,20143256,7176.36,8363,2379,5661
8155,20156411,20163933,40071.70,2084,7690,3395
9057,20082894,20080025,50062.47,1958,2877,1907
6153,20018258,20045498,52737.34,3066,626,2364
4452,20160321,19992511,97346.93,6630,971,3041
5424,20041763,20020742,21820.34,3991,5666,5733
5817,20044181,20164818,43606.47,9258,4183,2259
2917,20009726,20185756,42203.04,8022,9129,4994
909,20045526,20083370,40776.06,6620,7774,7295
1117,20037857,20091918,57837.39,5491,1929,9220
4559,20039450,20071888,12846.23,6417,3928,8762
561,20156022,20193982,67062.44,1493,444,7346
7037,20028612,20079807,64336.18,4477,4856,4668
2564,20005840,20125700,56833.74,6782,407,8212
2054,20120722,20014079,92044.93,5472,5527,4048
2878,20180092,20055439,19063.45,7891,3259,3419
3498,20093226,20102502,30124.12,1482,8987,3247
4869,20066724,20188651,36935.22,1271,2800,9700
4362,20031769,20018606,82615.40,5718,5379,8776
3506,20113180,20004838,31426.59,4706,3901,9309
1937,20097791,20047206,44011.73,9701,6536,6120
2040,19997356,20085154,13937.73,3275,6454,5964
3298,20117593,20090358,35458.62,8143,2008,4575
5042,20135910,20138686,39862.26,1625,7706,9123
3898,20010835,20014720,48624.94,8817,6245,1373
261,20022636,20110999,85671.06,5118,8800,1974
3921,20069510,20071523,707.42,394,5386,5340
4591,20136689,20172287,64655.42,2305,3701,147
5188,20042415,20081468,21131.38,4547,7582,8999
3913,19998294,20165496,27359.72,9118,5476,4662
5241,20091127,20148157,20508.63,3273,2874,5310
2499,20118650,20010287,89103.53,5570,910,3883
5174,20142795,20174937,16478.80,2610,1007,4239
5407,20035568,20135063,76855.92,1761,2481,3562
8432,20197022,20076535,27881.75,4445,6713,4476
8462,20137121,20109309,38800.58,1919,2859,2211
7373,20115654,20128235,53308.49,4956,1092,7653
4324,20132295,20092323,98148.89,1268,4642,939
4171,20009494,20044139,18432.13,6130,5509,7672
1750,20133102,20027161,62574.51,9099,4758,2231
5863,20176756,20043171,68613.96,4065,3519,9343
9865,20105699,20060863,12126.96,1682,1955,5651
4386,20081987,20063802,31457.69,9973,5061,1173
9680,20181300,20037906,94137.66,3077,6566,2080
656,20165002,20096886,47090.38,840,580,9793
9631,20191647,20104126,69759.68,4469,8744,6735
1974,20185419,19991582,10052.60,1757,4813,2122
113,20175136,20091995,44917.47,2451,4568,5655
9947,20197118,20188329,73371.22,4772,695,6555
7893,20002720,20057710,60424.04,763,112,1813
5411,20081282,20168527,45255.35,4272,5936,9478
7508,20111156,20124697,54328.49,3279,4573,9267
2122,20107533,20146802,67447.07,7368,738,2431
9946,20192500,20193681,47690.04,4832,4252,8196
5497,20188682,20030691,71233.41,3376,9758,2845
2883,20130831,20137726,82703.44,4122,7994,7769
2937,20063793,20003973,46635.93,7024,6963,8091
5326,20131085,20113519,30334.11,7581,3656,698
5055,20175443,20050006,53435.32,6468,2151,7319
8499,20045689,20054808,16372.89,7130,7848,106
1234,20003726,20100788,47186.39,519,4575,2246
2478,20168695,20071467,31097.93,2107,3234,4921
6342,20074444,20004147,63933.35,4643,5128,3472
9735,20165610,20033686,66037.74,1840,6984,394
5690,20118948,20118242,47102.27,3938,7507,3559
488,20029177,20172374,54808.56,4238,8983,6407
4304,20012119,20085875,9603.99,3230,5889,9791
8499,20181306,20072110,18150.43,6004,2280,8558
4257,20082425,20092170,60277.53,3639,2027,7418
8976,20159429,20089846,69583.11,9590,2790,2371
1758,20136546,20097046,12699.91,7839,9884,3942
7183,20193719,20074195,28269.48,9476,1930,4347
8201,19992881,19991898,66534.32,5430,525,1283
1553,20110552,20052477,92278.19,2486,1794,6257
7418,20043143,20142182,95156.25,3987,9557,8284
4806,20085269,20016173,74069.54,7754,2494,4778
7161,20083613,19997064,88915.81,7770,481,6678
6820,20050646,20039903,61998.56,3938,5622,8612
7123,20049337,20121074,16315.38,9180,4906,5572
1247,20012359,20050285,89586.65,4948,1623,6052
1418,20161219,20013930,50794.44,6792,7361,9131
3884,20133430,20181627,61508.65,9065,6589,5999
5508,20171668,20043469,42535.53,767,5379,2366
1131,20150417,20149320,87361.57,6417,9809,9812
7407,20054742,20014280,86095.64,8994,5180,2318
4858,20127929,20188166,10341.03,7727,4554,1359
3107,20085742,20069726,48457.60,2974,4445,733
2287,20059137,20039363,39903.41,9027,3928,3836
8660,20138770,20076895,26279.90,7123,5723,1242
9483,20040043,20148955,24076.52,1916,4583,109
2966,20058929,20179572,6724.93,4673,6998,3189
1410,20080591,20128688,75608.48,4905,9956,3309
7622,20070574,20140870,7855.82,6378,3176,6073
6886,19994856,20054808,67258.73,7348,6744,3702
8127,20125770,20145370,62654.82,8791,4382,9973
1636,20157209,20011816,86745.90,7204,7444,1754
9082,20135093,20014442,2775.89,7605,5106,3937
3269,20146251,20141254,51536.99,1772,2927,6090
5140,20103278,20136365,49339.47,8836,1168,64
9913,20011273,20161496,29851.53,9669,129,7637
3259,20176792,20109283,12865.01,6591,8976,590
4286,20198403,20178779,44894.13,9857,6605,4114
9511,20054017,20125084,5691.14,6479,8281,4960
6433,20079540,20197878,24010.52,8022,7030,447
1640,20191819,20006193,81214.98,7192,23,2877
8155,20102109,20032494,36404.98,4943,3552,2560
830,20197333,20006306,62839.84,1882,5693,3815
9311,20002451,20027476,78009.75,5874,7098,2159
3087,20038309,20181634,64826.83,2460,7547,9755
6294,20055975,20189348,22438.15,7978,6372,9543
3841,19992943,20031258,68803.84,6280,4506,2080
6422,20034243,20183397,36374.33,4445,1542,5309
6871,20000936,20137320,37042.21,9304,1872,8894
3719,20059111,20164901,38268.43,7708,7717,2395
1187,20199917,20176473,28182.56,1459,7910,1061
6977,20103538,20042641,54683.54,4164,2527,7471
7826,20185012,20076714,34045.64,6975,8861,4028
676,20183607,20074440,57650.87,1606,1357,4381
6753,20094933,20139952,11438.38,5358,467,8987
9426,20039503,20033994,81723.02,1717,2238,629
1084,20029420,20060982,33859.74,487,1123,4409
9793,20127724,20121448,75178.74,2836,968,137
3471,20077122,20083588,96622.28,6454,7341,4082
6805,20128508,20182275,36122.58,6520,9914,655
8303,20151675,20077276,21637.17,5212,4597,1841
6124,20197160,20032197,71828.95,7555,9927,2651
7377,20003216,20025209,87413.33,218,2079,6353
7965,20108770,19995192,17039.77,9839,4054,1051
7156,20190149,20124006,9587.50,3070,8872,8137
5006,20114576,20149547,88357.37,3946,5375,9649
2262,20141582,20024207,33885.40,1020,4255,5555
1914,20089566,20125154,75705.93,5149,4871,9751
6475,20041863,20040645,13871.83,1439,4221,1036
2146,20040335,20051581,18098.94,4927,8099,6373
1621,20077806,20126541,9209.00,4877,1603,9649
6362,20201068,20135302,44679.01,1487,7421,9904
8117,20030689,20122871,82165.01,4733,7733,533
4003,20038964,20141701,56910.96,3164,9232,1494
7291,20100792,20165360,75939.73,944,7938,3382
509,20152726,20149221,19015.93,5851,5253,1369
8809,20140551,20191335,70799.80,5041,1675,8330
8868,20192856,20022321,36773.21,7827,7282,6785
1667,20117791,20044314,12847.50,8516,3365,9448
9380,20084414,20180014,20556.17,9182,834,6861
3906,20091109,19995644,21293.60,5393,3100,5309
7041,20153433,20035865,99908.85,5008,215,333
9808,20006033,20128716,85249.42,2726,7840,7226
1958,20002920,20118651,19070.34,7370,9372,2323
5381,20143746,20033289,18097.42,9317,1017,7391
1732,20129438,20105761,84297.47,1091,6212,7231
5158,20194822,20052127,72180.67,2090,3071,2192
3236,20153829,20164538,6168.23,8564,3878,4972
2863,20102462,20182433,18517.06,8681,2163,5012
7292,20184880,20127181,25041.44,4037,3764,2572
4382,20033983,20087960,85196.93,2692,86,9101
9305,20189490,20037578,18221.12,9067,3561,7917
8183,19996707,20165617,41076.68,5958,155,9296
2731,20177618,19993995,13943.08,5147,9162,143
1483,20100237,20049889,85660.35,3332,2238,8728
4088,20174271,20128824,9841.52,1466,3520,9876
6896,20132940,20097901,32078.35,8688,5641,6357
799,20172354,20011413,58426.61,7282,1351,9394
7886,20156133,20106006,24503.95,8813,4477,961
1247,20022093,20199791,81918.91,4261,9361,646
7996,20132773,20115925,70655.65,995,9818,939
9705,20147195,20098582,40175.40,8705,3085,5174
8519,20042917,20176675,11742.66,3165,1222,8313
3149,20123265,20054589,97079.99,8461,7239,2115
5927,20128237,20195803,96506.91,7660,9754,3019
1284,20120041,20042665,81765.31,5204,512,4199
3690,20020513,20117982,33554.16,9045,2541,3662
8667,20077079,20034763,32661.22,1983,2024,3955
5918,20168825,20089453,15613.55,2419,7612,3498
9847,20151992,20113903,96185.96,6038,1100,5448
502,20132588,20080737,32091.35,3102,4957,6643
6636,20159693,20067772,42402.86,1578,7395,9921
2180,20078101,20074164,64047.83,6532,5191,405
7411,20069652,20072894,17215.81,352,3479,7636
5686,20162936,20121843,77626.75,4067,9543,2326
3999,20032309,20031950,33980.83,3200,2994,6198
9579,20159296,20127101,44076.85,8572,8600,4728
9187,20158620,20163964,2432.76,7363,6050,3533
5723,20052010,20156790,99073.94,3378,9501,5197
9340,20036625,20002467,13904.17,520,4239,7008
9768,20072183,20084746,86140.91,4931,7248,4484
2804,19995527,20176098,87202.91,1508,7090,2610
2844,20075717,20031776,80644.29,3733,7223,4021
6173,20017192,20005242,52290.17,8504,7744,778
9815,20158206,20012850,92307.51,5896,1996,1792
1851,20017384,20155041,32535.76,6936,7400,4938
9259,20105597,20124644,67961.41,184,9900,6843
3061,19993275,20139946,47534.74,2470,4937,908
6070,20034668,20052974,79447.15,7246,6018,5176
3019,20191008,20196397,62313.96,315,3723,4721
9253,20036428,20131551,96753.29,7532,9152,6115
9074,20079141,20010444,24238.95,8061,6926,8750
6254,20031403,20120347,61303.19,6782,7316,4243
4088,20061227,20025949,74046.39,6014,7785,1902
1471,20052247,20057831,82099.95,5866,8987,6851
2358,20028545,20136960,80098.68,7463,4719,7849
3731,20050623,20065186,71161.17,1177,1642,9491
3069,20082925,20163991,62472.45,8594,8834,7744
353,20033446,20068656,26109.04,3201,4484,9875
8180,20029383,20072609,69134.83,4504,960,6083
9687,20179772,20034513,91402.19,3867,5733,990
4929,20061075,20036300,72520.95,3536,9666,9861
4602,19998307,20112835,60242.55,4770,7866,934
2855,20188031,20087454,96271.51,1036,5205,2885
2962,20173697,20062599,23680.86,9313,4093,1161
2378,20028924,20135306,16302.42,3459,4214,5522
7802,20048571,20160712,34260.15,5637,2384,894
7630,20121478,20189639,52253.16,5681,6546,9128
7186,20028715,20178140,77870.09,1975,5483,1791
1545,20008653,20098739,72078.42,6157,9921,4951
5119,20031644,20121307,21332.27,8876,4753,9772
629,20009796,20059468,52795.10,1377,4899,1872
739,20003442,20078898,13116.06,6190,6118,4155
6245,20186591,20019133,35907.34,7346,3553,2404
5417,20036581,20007414,28971.23,909,4084,4778
4070,20036674,20114186,86206.37,7922,5414,9350
5021,20003545,20104439,24686.93,5461,4230,2665
1161,20176841,20178037,95153.46,4101,8644,6176
3165,20154746,20122407,49076.02,7427,7838,4420
6698,20111024,20127019,17138.37,9621,503,7481
1429,20029232,20060993,44508.99,844,8377,8009
6137,20173378,20046734,76004.00,2673,8369,7108
4935,20034529,20021185,80805.30,7871,3357,512
5870,20049753,20035907,21624.34,7836,4549,420
9812,20016482,20054136,28223.23,2581,1546,8038
6304,20163848,20007374,4265.97,4723,7842,785
697,20056576,19998001,21271.52,4188,6322,4175
553,20147795,20140110,95542.96,122,9903,3716
5469,20095868,20057924,98013.01,3072,7211,6797
9522,20029360,20003382,4245.86,9879,4495,6921
2459,20183206,20187712,84962.19,7194,4576,9123
4497,20171225,20008640,38523.24,5194,641,2165
5849,20088053,20087961,30094.86,9259,4153,4446
229,20070329,20052947,69886.35,7393,6315,4294
434,20187698,20133996,13219.58,3697,1073,2709
2235,20066760,20136007,87533.04,192,4558,6138
5028,20058968,20173985,96858.03,101,689,6252
4736,20121783,20146139,37514.87,3045,347,4774
8592,20060515,20175016,47538.20,7073,7251,1975
5491,20153197,20139562,40512.99,8429,2708,8957
9784,20072311,20062728,20812.51,9889,6580,3410
3511,19995290,20179770,20694.63,5157,2517,1467
9858,20086907,20108995,53225.04,9595,8300,1110
9720,19996582,20061727,13850.38,3418,3412,5516
9290,20023655,20167155,39698.82,5666,8769,7573
444,20103014,20123516,2145.43,5880,3706,4449
9757,20028641,20037777,78790.66,9475,4391,6090
1411,20094315,20104174,53381.65,5606,5576,5021
6622,20069164,20065528,31366.48,8438,7138,5596
3595,20190011,20047601,82174.36,918,4191,7822
8216,20049600,20181117,77083.50,3013,3370,4145
4631,20181570,20096189,52345.03,5104,6112,3764
4498,20198583,20118869,95972.32,4465,9692,4452
7419,20054093,20036050,6734.42,6005,8621,1220
8743,20022691,20198363,53864.34,9177,9434,6299
688,20129288,20190343,9537.05,7807,9026,3137
7852,20122426,20199747,53697.11,6744,7479,2109
116,20139766,20024371,66754.60,425,8554,8591
1900,20168481,20014545,4757.04,1645,6452,3439
614,20175114,20128278,87592.94,4673,8909,3290
3241,20104367,20087985,30528.67,1279,8900,2748
2549,20148946,20057546,59749.22,1621,3790,6287
8554,20127651,20099410,48359.47,1602,9369,5695
3358,20148677,20059017,96571.14,6863,1371,6686
1967,20062914,20129591,42895.61,9923,5335,8984
3017,20190529,20161325,6884.96,8763,8389,2839
2592,20182214,20068524,28809.74,3343,7756,5075
7666,20093073,20109948,87029.00,7790,7607,6745
1311,20031728,20075372,60420.40,9081,1028,5689
5961,20041064,19991402,86985.52,8776,555,3229
375,20170926,20201206,1852.26,9069,6874,173
8328,20102924,20146117,675.51,6974,4028,6011
7877,20001606,20131147,86201.87,3169,3212,8772
9527,20090731,20010828,83610.39,6534,443,3203
2142,20117278,20007878,68588.17,8127,478,4486
957,20058170,20145777,1060.42,9752,6721,4007
5665,20053293,20000097,26710.80,2473,8591,3303
8357,20193902,20084228,25505.60,6866,4658,6454
9240,20112464,20033679,31374.27,4640,2017,573
7930,20057698,20082481,55471.81,9466,7091,1504
6357,20056017,20143673,86164.22,7130,7433,6176
9693,20118733,20091850,16325.35,1982,8275,4092
193,20189720,20009347,73313.63,6942,7057,9685
3007,20036114,20089725,23764.86,4534,8040,2020
7636,20112775,20150543,31516.87,8312,4096,8005
1920,20017264,20140281,24959.44,6856,2951,9265
2327,20114193,20193663,90999.71,2958,9732,1046
3679,20082563,20118295,72831.17,28,9683,8219
9066,20032890,20036411,60100.53,9968,4036,2992
6042,20154524,20111191,65418.68,3321,9818,6717
4767,20023616,20194466,32890.34,806,9848,1063
7130,20125170,20159306,22474.60,6911,6586,4055
9179,20038461,20066815,31765.11,1307,1577,3362
1142,19995001,20165493,57899.79,5566,9183,901
6795,20048131,20050769,71872.18,7431,2630,9540
3450,20136711,20074758,42735.14,3103,3884,3736
5630,20161808,20153123,28622.01,6618,7836,8565
1956,20092374,20096932,23592.80,1071,18,3791
2295,20157306,20060031,24457.32,5241,4482,8512
320,20010716,20135537,57709.78,5898,9770,1928
9088,20190854,19991301,85254.93,1744,3819,3767
4810,20168928,20179979,86460.22,2987,5911,9631
6076,20046710,20190435,10020.60,7507,5730,8460
32,20186753,20198432,16840.96,3332,9021,3149
1933,20144848,20089106,91997.51,722,228,6492
148,20177648,20168277,91914.50,8398,8742,678
6131,20023489,20011351,67150.56,420,2240,9008
2681,20130421,20052480,59404.59,8551,9863,1213
5949,20190479,20088719,89376.57,9486,3485,5035
8966,20160237,20146536,5078.96,7866,8966,5578
3522,20006776,19991372,54822.93,3697,6593,9923
7535,20101012,20038061,88941.60,883,7857,802
9820,20156316,20109573,38050.43,7104,8608,4834
4782,20158434,20158350,56540.36,9886,8438,7664
2577,19996620,20123984,57209.54,8075,7696,1269
1095,20106693,20027206,74276.82,7984,4589,6868
8771,20194087,20131439,58636.40,5994,8760,2769
4062,20116031,20034849,65534.23,7562,7341,1078
4323,20112581,20110135,58700.13,9311,9783,6950
35,20164962,20040821,98913.18,1644,5461,8865
787,20066935,20059636,79528.55,2751,8383,7932
6923,20168678,20173565,20588.88,6418,3619,3735
9030,20039427,20121019,98984.86,3242,4972,1744
6719,20038580,20060831,12013.63,1592,3229,9765
915,20104575,19997576,54454.25,5519,6028,1035
7463,20179459,20177083,22890.03,6932,2066,678
8981,19992835,20083408,56251.23,5296,2255,5238
9658,20036233,20051667,70036.04,7737,5100,1630
8172,20161765,20048146,82850.81,6859,4889,5999
2968,20055580,20081605,59445.17,3794,1571,4902
4758,20122029,20079180,15449.22,3698,9085,5438
3761,20015919,20186440,66982.18,1208,5691,4000
6831,20102821,20032238,40107.00,1367,5848,1303
8216,20172381,20026457,64103.65,522,5921,4855
9635,20069621,20031062,71723.43,7691,7865,1378
8155,20054350,20155772,73131.58,1541,6490,2045
9357,20194079,20082428,43786.35,3348,1354,1841
3778,20127626,20058910,4834.75,4030,2211,1219
833,20030482,20003384,55554.25,90,8177,5645
2693,20157408,20149321,72819.37,2457,9822,9867
3779,20139618,20097715,11548.98,5818,2396,6455
7771,20010264,20010153,97932.75,2653,2782,5732
5074,20160517,20134379,57459.95,3031,2432,1576
815,20172537,20035491,82063.56,2258,4657,9694
2345,20098658,20141994,51835.84,809,5497,38
5132,20181281,20081595,30155.37,2093,7626,3061
9276,20045556,20097558,75920.39,18,2971,7780
2142,20147097,19999869,33538.14,8307,2545,9460
2830,20070305,20172797,14055.21,6111,9180,9406
2193,20201056,20104323,31367.01,8350,326,1798
5099,20028626,20073968,47081.60,922,1159,1819
4656,20094602,20084663,11987.69,4936,3403,1538
9007,20170503,20135263,30208.72,4691,5596,4507
961,20130408,19998289,81479.49,410,9043,8188
3782,20183950,20074135,86426.83,807,8720,2798
6171,20181217,20021660,5791.65,3945,7555,9146
4612,20151283,20189040,14831.05,6595,9351,8569
86,20172513,20186279,27643.70,6215,3795,5314
4694,20002325,20162398,3429.18,7101,6575,285
2211,20072379,20174400,57322.92,6709,7352,277
7,20101908,20006686,99958.76,1670,7521,3546
5197,20165995,19996732,34616.58,2062,1039,487
4706,20145207,20152629,7716.24,4671,2642,956
826,20069190,20155371,64059.99,2575,5616,627
8519,19993828,20110510,25752.15,2709,6973,703
1602,20118627,20094587,26790.10,3057,9875,4139
1754,20154153,19998525,41415.77,5414,9676,5773
7237,20028792,20152142,63344.80,5996,5844,8102
2746,20039280,20054940,57641.48,6797,31,4361
5589,20062132,20095009,61560.33,9860,6451,2423
4753,20066268,20025232,5342.94,1600,2242,9594
9259,20188058,20009817,43865.75,5871,2944,1644
6377,20102513,20149088,63077.93,274,2784,7386
7778,20151031,20059908,86784.89,3162,1855,7023
3873,20133358,20184533,92127.79,8104,294,605
793,20192369,20099188,55826.84,2885,6780,7364
222,19996703,20042561,23744.11,7566,5242,5666
8992,20169478,20021861,76122.79,4384,6213,9098
6396,20005388,20163306,51378.20,174,5904,8741
1781,20030385,20081574,75945.42,170,5332,7723
5554,20116685,20166557,32381.94,2601,1709,9254
6732,20065372,20038248,44677.09,9552,8884,1075
4984,20096902,20129043,98475.75,2677,2941,3436
455,20071987,20137421,90631.03,5192,615,9758
3540,20143983,20058937,67574.37,6736,8256,685
7011,20038125,20023585,39759.35,686,7289,8092
988,20017356,20154703,12140.04,1969,1535,4857
6206,19997307,20018222,80742.35,9470,5149,4535
7909,20168655,20179006,87707.63,7073,2806,9704
957,20129027,20196697,95170.92,9905,3773,5959
943,20011841,20050184,3358.59,8188,7577,9343
1332,20154300,20119583,90011.98,7624,3036,122
9878,19995421,20015189,90.28,9312,7810,1300
4147,20152367,20174079,41811.21,8934,2594,437
1009,20062267,20106158,16176.41,2929,2197,9432
3772,20050474,20064579,52202.97,3544,4226,859
9180,20152682,20045091,34828.59,9527,7920,7286
2868,20149900,20172048,77181.40,8462,8220,8161
5275,20045618,20156657,60197.21,3245,6040,9398
1995,20059885,20080271,28543.13,4666,35,3462
3277,20074976,20097640,91245.07,7783,473,7461
1274,20064111,20194728,22546.39,8845,8233,6619
6350,20143227,20166672,54235.50,8906,8486,8601
1045,20099374,20089162,97340.44,974,1377,1390
6096,20145401,20020182,73971.06,7419,1253,7452
8298,20110641,20114647,96068.34,6826,1428,6915
2682,20007126,20200009,80231.52,7491,846,677
559,20192208,20044976,16692.16,7358,2690,5326
6429,20199530,19996331,29292.52,4017,3997,5655
6768,20121419,20055852,971.57,8905,4703,3907
4064,20042059,20109405,66242.24,5355,8,1221
4339,20012950,20104970,57097.90,7471,4640,4341
217,20107628,20034749,55048.48,8591,294,6597
9569,20136335,20052757,75495.34,8613,8851,5130
4893,20103549,20031918,32671.99,6928,1885,3868
7629,20184189,20027510,35783.18,4107,1093,7775
9494,20188691,20113164,33691.83,4770,4927,7619
7911,20121996,20136114,29304.28,9060,573,3868
6713,20105125,20127690,32403.54,7190,3405,6510
5758,20085109,20034144,93571.21,6280,7133,7382
4482,20092265,20157934,71921.07,6273,2804,4171
7457,20046451,20075894,72095.43,2627,3094,9647
690,20100832,20113404,60255.79,8602,3153,5274
1439,20042360,20068933,79118.14,7684,728,1464
8349,20065286,20079739,49087.54,290,2996,1834
4688,20100518,20115816,2580.10,702,7762,3845
3580,20167661,20094780,85921.24,3325,8575,84
5596,20123670,20047449,53416.22,4909,3335,826
3011,20042504,20021634,19058.92,8190,643,7554
4096,20037148,20137870,58339.12,6771,466,9943
8156,20116513,20138200,55558.21,5112,5496,8293
1761,20082675,20063906,25911.85,9772,675,6565
8118,20142183,20042543,51542.70,5477,5356,4493
2165,20041922,20181144,7838.66,446,7318,518
3857,20190106,20002998,65170.15,415,6858,2255
6870,20122701,20124242,23861.35,2612,2246,322
1135,20190057,19992549,81181.36,5987,5796,1284
4531,20030476,20105476,3940.05,5096,4865,6087
1997,20070771,20120654,11376.12,2712,3458,4543
6216,20095737,20106775,62662.72,7427,5278,6567
8423,20146445,20096782,29623.74,654,7824,4434
4799,20058988,20167544,94251.02,2932,3472,8681
3631,20127688,20101174,77314.13,5320,4926,1866
2392,20040963,20013586,9028.72,9761,9844,6411
7808,20019499,20136027,69257.59,4228,9339,1406
9213,20129230,20016350,60235.47,5138,4083,9676
9988,20117432,20191496,70045.41,2971,8158,6247
5431,20136100,20196852,3265.24,1413,9502,7147
3739,20169443,20139946,86649.27,5834,4960,2254
8627,20037777,20015143,59832.49,805,7704,5418
3952,20092981,20120801,79944.73,7106,5075,5420
2957,20180797,20016211,28852.29,6150,7361,4238
8412,20040345,20115228,53907.45,9433,884,3552
6465,20004633,19995445,84464.03,7795,3173,5776
4306,20028569,20114087,49206.61,4292,2351,8420
1820,20032254,20037318,95109.03,4748,4334,3489
1615,20123129,20017194,82483.98,5449,3698,387
2482,20036921,20112764,61808.74,6228,707,6311
6610,20200207,20180182,9748.62,7013,9490,8979
7616,20183217,20176209,86682.56,2033,2872,3584
5059,20024216,20081114,87656.23,1079,425,4214
2732,20045543,20061127,95501.34,8728,2954,2609
7437,20077447,20147135,92171.13,5352,3753,9844
7167,20128776,20088659,16582.77,422,3426,7134
268,20185969,20096000,85911.48,9647,2637,2597
9970,20127687,19993525,27300.42,8754,133,2597
1311,20031799,20120245,70992.81,99,2441,2590
2465,20135792,20149653,39643.05,1269,318,8926
1014,20010088,20146941,74079.72,5452,2933,8509
3104,20003637,20199871,52798.87,5382,7285,6436
6718,20022120,20155824,86071.92,1659,4005,9745
9300,20196419,20098976,25196.30,1332,1180,4085
7989,20125576,20179600,76180.86,989,8821,2988
1765,20056824,20106089,72945.33,3281,187,6993
8630,20087004,20105328,18955.46,2299,7335,8318
1617,20084815,20108233,51818.86,5049,8223,5031
5685,20141490,20187970,81777.45,5568,7694,3630
132,20110640,20056135,37132.90,7317,4799,773
7744,20061284,20114374,24062.02,2304,9690,2708
4747,20048046,20192410,86241.45,8405,3272,8675
6344,20108384,20133561,5844.11,299,6503,6826
3866,20167752,20017340,6425.60,7994,8373,4702
671,20141223,20175061,1036.51,8853,8321,4946
8329,20031980,20065641,33725.30,1154,2644,8653
3502,20064072,20049407,60214.13,2812,165,4065
9569,20024274,20124269,58913.93,4430,3010,6990
8222,20112559,20059102,5960.87,8328,8907,332
7516,20147456,20075781,17528.87,858,6667,4329
2988,20098690,20190325,55653.15,6812,7435,8537
6771,20185941,20163182,66974.48,7266,7499,5303
7257,20162333,20111410,87268.64,5956,4019,201
8480,20112497,20031711,66970.47,1636,1033,4502
5143,20079005,20040376,79932.65,7513,8857,2132
901,20110983,20117469,60575.73,1981,277,1644
7792,20162467,20029681,93601.95,7359,878,6273
3189,20076672,20131028,22403.15,1203,137,167
6511,20085643,20006449,86380.36,2930,2378,6552
5012,20192819,20057519,85573.38,2743,1930,5611
7928,20073140,20013963,2276.97,2865,5995,7441
2197,20189985,20092124,59587.85,7673,5685,9395
6537,19993588,20179630,28644.37,3214,3850,938
7603,20060101,20008239,45566.05,2442,2065,6278
8082,20103837,19995136,21133.00,5391,5350,8953
4712,20115929,20196570,48763.79,3880,6338,2509
32,20177146,20109230,99298.48,2600,743,9711
3121,20179356,20185488,20367.67,2762,7056,5388
2039,20020011,20083049,51038.40,4731,5296,8673
7674,20200525,20011498,94634.80,6365,7367,9628
5510,20179356,20139254,36266.15,6198,3262,3898
4069,20130257,20082128,25097.00,6298,9541,3872
6286,20040523,20142115,72752.78,5489,4771,1327
3745,20152574,20095950,7161.32,1767,7421,7233
6565,20062134,19992351,52511.88,8860,6916,8042
1451,20097463,20145774,70537.44,9591,4907,6861
8396,20049372,20185624,65304.00,766,9903,2284
6415,20112092,20071601,45359.19,6353,5682,7702
4314,20137066,20172645,24967.55,8565,844,6
7584,20123841,20180856,28834.25,2358,2337,6587
1783,20105111,20106485,96484.67,310,8474,3925
8466,20044323,20043927,13354.01,9203,5495,6254
9636,20005266,20141018,62779.24,7056,3018,7034
6773,20109163,20011537,83814.20,2287,8258,2768
7768,19993575,20041788,75400.22,1737,8941,9345
640,20029968,20048764,35170.69,2884,3347,4495
4114,20085966,20031856,72327.29,5132,5042,8433
8076,20100753,19995643,1934.88,3649,1791,6537
3249,19994950,20169573,10886.32,5068,9167,8411
5887,20022231,20171171,34404.42,5317,3350,4242
4971,20136852,20107053,18852.12,3334,5217,9447
3551,20084244,19998179,77916.67,1263,7829,6392
8678,20160182,20062048,74592.49,9223,1897,3641
3698,20143793,20048388,31409.28,6943,337,5280
4879,20201152,19992459,16803.84,2947,5129,4533
5985,20032457,20024720,70888.60,4949,1372,3072
5035,19997312,20171708,90764.73,92,2445,950
9483,20063086,20001394,94832.74,5024,8129,2623
4382,20011957,20046653,77142.31,9125,7196,1691
8018,20136234,20126303,64138.03,9505,4171,9217
9153,20071024,20200688,44144.17,6170,3596,9270
7265,20069564,20128353,10318.61,6215,139,9863
780,20034738,20098485,32859.50,2660,9080,3624
7447,20027169,20163105,95227.35,159,7257,991
2005,20157334,20121888,71439.61,1174,2469,6128
9257,20086260,20166283,11790.14,5785,4302,8358
4769,20074981,20043149,84491.53,8494,8554,4605
1829,20121261,20003435,94413.60,1968,7900,5194
5596,20000228,20136132,45054.38,9409,734,3944
1935,20159520,20054149,93396.51,5128,169,6177
5166,20073313,20188407,42581.69,6061,9377,9384
3124,20001439,20198792,10417.23,9288,894,6631
8602,20025605,20182448,84665.96,4266,7319,6014
3419,20158655,20129050,51801.40,7385,941,8300
7342,20130129,20024085,5123.65,1185,9016,5411
6190,20056099,20164604,29438.97,6492,6953,4052
9254,20117360,20189764,43320.18,3175,4425,1039
2873,20040377,20046007,57313.73,8358,1173,5238
1747,20152698,20110588,27298.03,5033,5406,737
8226,20080953,20196144,78357.23,4283,7136,6651
1371,20000384,20154745,7720.64,437,4917,1237
3206,20134950,20083129,4843.64,2277,4645,7165
7076,20041451,20150545,10684.85,3380,84,5446
3991,20171246,20024669,59867.91,7944,8188,8467
5920,20042576,20143917,83733.50,2271,5759,8447
1883,20047982,20192675,74635.82,9264,5979,7336
8918,20077829,20117722,81204.19,7059,3057,1244
8198,20181418,20061576,61062.02,6443,8052,4529
3397,20100339,20194646,69162.89,2654,1374,4322
8439,20055205,20073533,63672.13,474,6075,2706
8882,20150200,20163802,22603.50,3189,284,7231
560,20085541,20026965,50631.43,7334,8579,7694
3400,20130799,20027494,46679.55,2183,1166,4597
5409,20001718,20181003,92249.47,3186,736,4769
4674,20157616,20199609,13538.82,5578,753,1077
2296,20027704,20153802,25495.05,799,1874,3340
5869,20101777,20086057,64995.21,4816,6779,9164
2838,20146439,20141245,23554.03,6314,6502,7514
9327,20150394,20079123,3565.85,6347,4504,4823
1642,20196177,20090220,50109.23,49,8467,2811
3128,20184400,20046997,46852.02,8992,7885,9913
2886,20024869,20168438,3284.90,6297,8921,6924
867,20066358,20045388,40600.44,6696,9007,3564
297,20109150,20194647,32114.69,739,1970,954
4241,20184101,20167567,32087.33,4155,2363,7511
5103,20152415,20147464,13086.93,6871,7883,6498
3128,20004469,20168419,57064.87,3785,9657,9377
8800,20089680,20057996,97908.32,5283,532,2701
1743,20105163,20104289,22233.01,7442,9928,8895
5262,20140570,20184019,55071.27,8573,9615,9431
7801,20019024,20161454,37197.17,5222,496,316
1491,20196684,20035746,78121.68,9363,9009,5238
2483,20157039,20177639,30017.01,4278,2655,205
9513,20033189,20076913,40108.54,2364,5330,3525
2033,20030318,20023153,1213.77,3839,8737,4150
7859,20003393,20181208,20163.34,9855,396,6587
2365,20125365,20172585,35511.80,4946,2333,9422
4554,20043361,20176009,89318.47,8645,9057,2554
4479,20009256,20170765,69015.81,8893,3234,1016
3550,20005574,20085468,72701.54,6847,904,7298
5995,20148177,20168709,33681.83,7127,9988,5883
9693,20043298,20145259,10985.28,502,5729,8750
7791,20015801,20083098,330.53,1043,6008,8042
9133,19993230,20102867,49562.75,2743,4891,9380
4945,20171127,19991620,21805.83,6955,7412,965
8923,20002689,20059852,38621.91,4239,430,8456
6480,20090006,20028981,38613.48,5757,6081,810
8834,20078763,20158720,24988.89,910,356,9395
3279,20060480,20070478,49121.36,1558,5933,2225
8192,20044687,20079213,62583.56,1253,4899,634
650,20048330,20126890,35670.14,3400,6739,3071
7767,20014658,20170761,87431.38,6458,2564,9623
1606,20026262,20021918,58883.07,6208,7442,9956
7792,20142862,20015253,33874.71,6948,1136,3337
7632,20082964,20066917,57584.36,1040,1945,9947
2319,20071020,20143313,7126.91,8959,5052,8222
5673,19998064,20138966,78672.60,378,8862,8853
459,20133265,20100199,35955.64,8907,4567,7091
5311,20053608,20133099,83333.47,3207,2486,567
2374,20098445,20000861,17727.45,5067,2146,7050
2760,20174338,20148399,95300.11,468,943,1216
1827,20188573,20150465,70991.91,7572,3604,846
665,19998148,20033017,59679.19,6336,226,9983
1371,20124976,20079861,19000.23,4467,9893,5527
7267,20039580,20015111,1111.33,1465,8099,6934
1141,19995596,20135811,61798.00,8217,1875,5271
2370,20109645,20185247,78649.52,8064,4766,3673
9099,20014435,19993721,35520.57,9876,1993,5381
8552,20065612,20087748,75566.67,8786,7053,8087
1094,20038411,20061532,36385.55,9425,5509,1923
6707,20021704,19995354,60593.35,7396,441,9141
6003,20038776,20015479,79827.16,2420,1865,3806
4544,20124023,20148712,51804.52,8495,1008,2248
567,20162730,20045467,16945.02,9662,5518,991
747,20007543,20116470,57524.94,520,230,6173
990,20157067,20070167,71495.80,9623,9180,3323
4697,20113954,20152131,31516.30,3303,1495,1960
6836,20200639,20078738,7014.23,2233,8837,5597
6892,20013422,20000353,10733.83,9101,7763,3011
7259,20106587,19996603,69357.38,4743,4055,3408
7161,20078517,20084797,1939.81,3805,2235,3928
5192,20172760,20052636,48898.35,7521,166,1578
159,20052547,20126385,24166.29,87,8063,9236
3698,20013692,20091713,88191.26,5571,4171,5613
3452,20198295,20197419,62018.03,730,4687,9376
7476,20087972,20150344,33906.53,5367,3006,2141
1826,20183957,20104730,21758.60,6153,7494,9074
6038,20003662,20151932,41468.37,8441,743,4363
9576,20018437,20162257,41684.14,1041,4853,4977
4343,20187989,20094804,96200.88,744,8364,136
6584,20119538,20112887,87014.70,1848,5270,5931
4723,20030572,20129995,37467.93,9781,7497,690
2621,20127010,20022039,8686.33,223,3395,7550
3905,20181268,20058755,63425.98,5791,6980,9061
9009,20019421,20144991,29025.90,2924,613,4351
8772,20031441,20072314,17347.26,1898,9386,1361
2184,20144363,20121157,21920.06,2722,4617,4953
5208,20153285,19996879,59230.10,6949,2519,7321
5028,20057150,20179843,15737.29,5033,169,1136
1621,20002890,20136536,94794.90,4000,3506,4162
8558,20077645,20195369,6319.56,4279,9183,1071
4579,20062023,20069294,2047.91,2791,7768,3100
2470,20147088,20127749,47.87,4979,6775,4149
271,20192814,20157015,91397.87,980,8384,3377
4697,20056168,20119975,97539.81,2931,8194,5690
1388,20080043,20143659,68993.44,5997,9313,1540
2776,20138774,20039688,40014.43,4977,923,1523
4187,20184656,20030658,16560.22,7609,629,4730
6171,20155802,20046038,58290.09,4088,25,5774
8729,20010986,20036042,10177.93,2356,5771,6306
3502,20082294,20038788,90669.37,1024,9759,322
1900,20007058,20087885,5138.91,1013,8237,643
2040,20074005,20013929,48925.41,1495,6129,9026
8048,20021473,20109245,9675.08,374,7273,2711
2708,20037317,20081213,44478.51,6230,8258,9271
9482,19997486,20078156,12277.38,4476,5856,8842
9208,20059297,20054367,73376.70,5553,74,3772
8896,20003573,20162011,36121.69,5056,6864,4142
8761,20035769,20019362,76888.06,2031,3696,7824
4362,20121619,20064558,47384.70,8575,7536,7223
2867,20135570,20117198,84399.86,2127,9681,5847
7184,20179055,20180147,88487.44,222,2554,1931
8472,20103031,20136165,54539.91,329,1251,6728
5885,20179173,20132765,92674.91,5508,7466,3126
2675,20172621,20114347,64293.14,8159,5867,4804
3093,20042673,20097309,7244.53,5866,1210,805
2180,20185249,20160441,97162.28,8450,1032,9471
829,20086194,20146378,56859.64,5612,8255,6690
1398,20192626,20171744,38359.05,8893,3551,7132
8191,20161643,20137074,6014.10,7734,1504,236
1928,20007056,20154488,24461.88,1680,1383,2095
6380,20075441,20075222,4580.27,8976,217,4983
4037,20186711,20098680,70058.26,912,139,2193
9063,20047709,20132447,57640.70,3993,1787,2458
8525,20040840,20123394,25152.23,2723,6741,9022
7998,20151005,20094313,62340.99,8268,1316,7211
5830,20192854,20065596,30858.51,7581,5234,1840
2626,20094467,20136554,34650.41,491,2210,9004
9898,20090227,20147260,46568.38,9275,2221,1250
7315,20150160,20028306,74672.18,6317,9000,9027
4173,20082216,20016436,70657.81,316,3526,906
3813,20054846,20133659,53530.18,566,5092,3918
3394,20091463,19997880,86822.07,3846,5920,478
1865,20047925,20029566,3988.33,7395,683,2047
1044,20107155,20114994,17727.14,6806,8587,9077
4162,20056554,20009855,22862.66,3597,3738,939
306,20133040,20193392,9798.37,4886,7162,1383
8932,19999465,20076288,70538.67,5884,6196,9100
6118,20013125,20195412,99632.32,4678,5518,9932
8388,20164671,20145153,13900.96,663,2833,3480
7393,20080353,20003774,20972.65,5739,8915,4316
9551,20013156,20100575,69070.77,8343,8903,9873
9793,20102181,20198955,8260.91,2968,8960,3097
3750,20035618,20014811,53522.52,7313,6531,6868
9980,20068631,20174901,85539.89,9478,2290,7565
4734,20189480,20058138,55383.74,3216,6074,2439
7533,20048942,20144128,33894.79,8873,8093,2224
9779,20121141,20094413,57627.81,7678,6494,8780
1226,20183548,20073325,19165.99,8210,2884,3064
5447,20107987,20016177,56190.40,8987,5619,4722
7006,20155484,20084031,46760.52,5100,9701,8909
593,20015249,20180438,4160.28,3638,7070,6379
8761,20101924,20157404,40775.60,2431,9357,2427
1128,20088670,20087759,13594.91,4948,7377,6208
7571,20105610,20186389,23751.28,1531,5921,9185
9708,20087061,20193465,94155.43,7396,3661,767
4388,20088145,20178796,93547.89,6692,1791,3660
5831,20017965,20058010,89219.64,3087,7456,3350
8984,20188466,20017863,87713.82,7330,7346,4119
8990,20059553,20005742,71502.17,3804,5931,387
654,20118665,20002829,65670.81,2717,9583,1330
2631,19991728,19991550,23423.56,2489,4559,4489
1564,20164058,20180505,44434.99,3261,6330,4261
9519,20192828,20141353,38787.70,8495,5317,1060
4906,20113311,20173205,50153.12,9698,2287,5453
7641,20005160,20171563,93213.66,6311,9910,5772
1918,20122251,20135383,37313.35,5567,5839,1240
344,20183878,20015318,70476.89,3803,3491,4184
2773,20155890,20133062,84441.96,7483,8293,3250
6743,20115657,20184330,48315.22,3783,9305,2559
64,20037297,20129446,38108.65,3217,6686,9388
6839,20060473,20126926,87825.73,5373,6402,2796
6036,20070783,20094639,73263.68,5176,8080,4878
7749,20174321,20121371,14102.92,9489,4738,8639
8448,20096524,20173317,8733.69,3982,5408,3547
5324,20021053,20031376,55654.53,8035,5040,8899
9791,20163251,20099205,31975.86,5906,8031,7172
8818,20166865,20014148,37939.32,2634,3617,4136
20,20175979,20129320,41212.62,982,308,8465
8246,20196884,20099874,66051.72,8978,6998,1814
5723,20045510,20096547,93949.88,4245,199,2542
4871,20086271,20161687,25827.20,9503,1806,393
7567,20102121,20008593,49628.84,8652,6633,3299
3591,20034623,20093274,17607.66,1476,1087,5719
4229,20112116,20181224,5793.67,4503,3984,7579
8442,20198785,20037220,27502.60,2014,2285,6305
7871,20059473,20177674,56521.24,6128,4582,2378
2261,20087828,20062174,52928.94,26,8486,3246
6484,20128539,20006909,47908.79,7487,7779,4503
8758,20102523,20147554,71328.78,5858,6922,5069
216,20038923,20037015,75640.18,8461,6515,2226
3343,20152506,20195568,64050.59,6320,1780,2765
2604,20171050,20049629,76181.22,4400,992,3240
4896,19991515,20041686,8076.41,617,5955,3053
1468,20172964,20115951,84284.33,1176,2812,9295
8672,20132504,20006803,92421.94,1020,4669,2800
7719,20035243,20139604,51774.89,6100,9823,5387
6480,20184589,20152513,2327.42,1244,2485,2464
9688,20068797,20079039,62272.88,7748,3939,5849
5240,20069345,20106663,60122.61,5623,4374,6367
7603,20200592,20151322,66924.79,727,2153,9033
4630,20150238,20190790,92137.69,5737,7468,979
9587,20113642,20064154,72150.43,3712,2704,4655
9221,20078969,19997646,55500.10,2411,7030,4259
3809,20003157,20093690,51923.52,8414,2509,8128
4513,20005783,20100678,29314.57,3653,6433,5217
6743,20146613,20080891,21495.31,640,3862,8663
3165,20057178,20065571,12347.16,5770,1842,980
1596,20052928,20198702,99732.31,7868,7494,5799
5321,20156673,20126337,93864.23,6066,711,2875
2230,20194847,20194376,93005.39,1269,593,6487
6683,20084622,20153972,66031.96,6301,2864,5991
850,20089183,20002067,97744.65,5758,9396,2822
9659,20189663,20123908,49939.92,7030,1162,6771
2016,20143092,20136189,65289.48,6746,827,6036
9553,20181086,20092826,18283.46,7136,5404,1927
6237,20056637,20106369,20112.39,5501,5205,1452
1467,20120491,20161696,19643.62,6046,146,2964
5100,20194760,20175652,63007.47,2552,8211,4085
7184,20026211,20105148,36671.11,5905,4120,699
6432,20014315,20116011,24426.49,2888,2167,260
7799,20118925,20139540,92823.11,6844,426,2951
3330,20048564,20013740,96035.11,302,5726,5569
7715,20017519,20046425,44549.02,9188,3452,8167
9438,20118066,20105335,88437.80,4906,5078,9865
6182,20067221,20052297,17534.65,4657,9135,5784
3923,20034127,20162507,18247.22,2035,4149,8876
7410,20144125,20112970,25428.98,9624,3339,6297
6736,20193185,20157572,78639.22,2022,1503,5703
5656,20001206,20040213,43742.25,1202,7016,760
1373,20132583,20055587,22753.60,8819,9212,451
4477,19992183,20122291,41953.27,206,9556,5415
2439,20199644,20119522,16787.67,6519,4545,7316
4780,20175398,20008462,54007.41,5100,7512,6184
9151,20047554,20035946,41203.86,5692,3431,3146
772,20197255,20075172,62999.93,3729,7851,8961
7920,20172799,20014062,46200.58,1943,4308,4241
3993,20101654,20027234,30328.16,2526,4607,3307
1351,20017012,20154141,6039.26,1703,7021,9668
7524,20114904,20077900,6143.70,6466,1270,4638
8897,20079583,20200590,32374.63,9842,5233,985
2338,20071027,20186093,83272.70,870,7220,9815
7492,20156045,20008040,96707.71,6663,2163,779
1920,20194937,20072970,76234.47,6540,6895,6485
3006,19991282,20003916,37165.71,6932,4573,1262
594,20179639,20107525,21174.21,5038,9311,2439
5202,20154233,20154462,70232.17,5721,9670,4241
5285,20194288,20201189,92718.42,9867,9278,3374
4501,20138072,20006249,984.35,8708,6239,735
1364,20123483,20163159,2218.84,9424,3336,161
7059,20106628,20116579,11457.46,8943,3759,673
4210,20073779,20172621,30778.13,9304,6040,8672
6012,20025394,20111845,866.65,6371,8573,4051
6529,20105177,20142282,67089.10,4702,8702,3754
4629,20021003,20023725,51340.39,5214,1288,371
6227,20024524,20071975,89202.93,5072,1182,5067
3587,20063643,20114499,13101.69,8591,9474,9686
2341,20042014,20179947,88210.63,4982,8281,9598
1451,20007317,20103849,18395.32,9165,5995,6269
2068,20114577,20144222,92432.68,8110,4430,3338
7865,20075139,19997228,62179.09,1755,9951,9679
7339,20183541,20082007,57554.56,3542,7710,9998
3479,19997602,20048848,33894.59,8806,6654,5603
1028,20006523,20091413,96128.51,1159,3654,5267
8397,20160352,20067634,3828.35,2233,8301,6841
6183,19999124,20058462,10097.51,9327,1580,8490
8154,20019078,20187778,86002.79,7380,2621,4637
5862,20063718,20052000,83217.68,6356,195,9371
9171,20053278,20055954,74482.46,4807,6250,4727
9936,20074949,20002444,94646.27,6539,244,3931
5148,20040841,20103246,89871.70,9478,1664,4011
3878,20025254,20117132,79118.16,5199,2548,896
6623,20078124,20199555,53054.19,2765,2662,7178
4739,19997032,20120389,42558.82,8325,7348,1641
3933,20031607,20111089,85215.52,3906,11,9588
5262,20138088,20071421,47370.20,9474,6409,2525
7148,20016860,20155415,54428.72,110,7510,7951
6745,20140060,20185770,88181.99,5136,502,873
5707,20063818,20149949,22638.90,5166,5423,9502
9400,20004722,20096870,69369.59,7569,9188,3085
4249,20028397,20079384,44581.04,2844,1175,9451
877,20016260,20091222,96930.75,2193,6146,1983
5502,20063890,20032266,59133.32,6619,8399,257
6445,20044653,20157382,98541.33,8580,4188,2747
5081,20162380,20081148,17247.98,384,8772,6851
4668,20085245,19996861,3558.80,5257,3194,6148
9419,20152314,20040890,27659.75,1028,1214,7421
7051,20143418,20190767,77231.63,4990,8846,249
8326,20084440,20072549,42751.31,3691,1467,1951
9723,20106279,20082353,38773.66,649,879,2034
9904,20046210,20042641,52629.34,4278,6617,4598
9461,20176264,20017573,18078.79,6052,4307,5114
8081,20182161,20077465,23605.86,640,9867,7874
4343,20052326,20069802,34772.91,2743,1614,6431
2883,20157695,20131481,83819.82,1104,1641,3438
864,20181222,20112029,53939.11,3573,7438,7821
3204,20069339,20008075,22250.78,1281,4762,1445
2811,20189147,20093735,64016.82,9830,201,9267
3820,20158742,20170594,38432.80,9262,5909,4188
4661,20111979,20174452,39799.09,786,3473,9077
1758,20089115,20197757,54223.76,4000,3919,2657
5488,20110000,20071010,31910.30,5311,6744,9144
5489,19999175,20190803,85906.68,6632,6612,8671
8078,20049896,20025446,10538.72,7701,2001,5383
7049,20098790,20124304,78647.25,1293,4195,237
8522,20116739,20200370,88746.53,5104,3420,8293
25,20121111,20003417,76845.21,7717,5206,1165
9240,20133219,20043807,76186.27,4015,3354,7545
5519,20047170,20038480,84264.73,8050,9869,7123
9276,20119289,20152954,91489.96,7007,6922,8512
5545,20158033,20156699,39807.44,4541,1452,6902
1628,20058404,20013713,63814.85,6789,7329,8899
1009,20112043,20148790,33684.40,3560,1701,8230
3438,20038179,20039828,30903.91,7425,4823,4253
4370,20088811,20157781,12078.03,4272,8631,308
1420,20046319,20009266,47324.30,6773,6351,7175
3730,20036267,20123763,8441.85,256,1988,1857
5497,20166980,20096046,75625.25,2615,5000,1300
7690,20111769,20064128,49632.32,8336,7171,6174
9370,20147594,20047573,35026.84,4414,4940,3523
2953,20110357,20082558,97021.96,5539,8000,5856
2755,20012801,19994589,79000.81,7659,6727,7634
56,20175021,20171914,47265.69,482,2881,7456
314,20154822,20012022,26595.55,6345,1781,1758
4308,20031280,20009764,73051.09,4071,1698,7476
902,20039064,20166997,34337.78,7730,1473,389
6623,20199873,20024951,87892.83,6953,1626,4039
1525,20037963,20117441,89462.78,1647,2627,6917
5189,20200694,20125283,94488.09,1477,1087,4377
6819,20195099,20021474,50890.13,7294,8796,6339
3038,20176076,20157821,30000.10,1537,1782,4397
7153,20093986,19997816,6178.83,1294,6171,4630
8066,20117491,20155833,77486.54,9302,9868,3788
6401,20001118,20007620,70097.05,1194,5377,1583
6432,20147508,20036322,72297.67,2484,9979,2838
1446,20171241,20140768,57749.46,2687,3678,9067
9985,20012560,20082478,93927.86,3147,7518,5903
4782,20157181,20005893,43683.14,7148,9146,3647
1104,20039388,20148046,51050.10,6749,846,9638
2104,20069623,20186407,85185.43,7468,8749,321
8412,20080323,20159669,50560.44,2923,9187,6510
9961,20124696,20111375,36323.55,5935,8512,1267
1421,20007940,20191226,47464.78,3459,6980,6755
981,20128194,20140844,64782.68,3223,8745,148
8627,20073561,20163733,3096.18,5793,6136,2772
1767,20033378,20087085,52858.56,5042,3925,1714
5882,20164452,20043991,90206.51,1682,1499,572
2874,20161315,20086786,31616.76,6900,5489,7575
2542,20161405,20023608,7836.64,149,8794,4470
172,20109834,20037986,27384.80,943,3317,3485
8351,20139627,20090872,5053.41,7134,8551,9298
1966,20147254,20144122,72197.11,8749,2604,5127
8805,20141722,20032209,89864.89,7753,7438,7149
8215,20157911,20055563,62556.18,9899,4459,7058
9315,20070829,20065351,83092.29,1441,3429,2180
8704,20127299,20154078,80660.22,5434,7114,7967
4540,20004304,20032824,54881.64,7828,5358,322
3253,20021685,20005036,99663.12,6527,4210,9755
1282,20062798,20126381,47880.37,6951,4275,4117
7162,20194964,20052579,81197.63,5853,3087,2397
8731,20021473,20154510,59283.77,972,5162,4509
9107,20181058,20168271,86637.27,1048,7287,8183
2894,20138737,20187752,56152.94,6905,1928,8474
8980,20072461,20066003,28702.15,3317,5732,5016
5625,20140241,20159648,91247.27,8611,7476,1446
8719,20135031,20131553,77010.23,9281,3982,1500
3058,20189715,20090289,1780.81,2479,6547,8886
6538,20138605,20048145,29395.11,6850,9198,9324
3484,20073605,20001949,43567.53,239,511,1226
7480,20083996,20091941,74063.68,7912,8104,7550
6443,20184732,20187135,72291.00,7912,576,8443
1922,20149465,20119134,71220.38,4439,8888,7897
